  -0.5036078512493159     
  -0.5459369865981332     
  -0.2208843917255781     
  -0.3468491764348540     
  -0.5805566754561343     
  -0.5181133445083177     
  -0.2970006505087548     
  -0.3952808477176087     
  -7.3595302545614434E-002
   5.3072480986463111E-003
  -3.3036529470220541E-002
  -4.5206733251032363E-002
   0.2899016576539017     
   0.2360491906917017     
   0.2486805934357586     
   0.2476489550373390     
   0.1526179678231205     
   0.1395363791017460     
   0.1372676874658382     
   0.1877409719335618     
  -9.9999937768193341E-002
  -5.0161574501814590E-002
  -0.1347469163515206     
  -8.2387537737346079E-002
  -9.4799157811810204E-002
  -0.1310436043979679     
  -8.8231916764594835E-002
  -0.1367399034864403     
   1.6134342591400235E-002
  -1.3349639553581949E-003
   0.1047250203140393     
   4.2063406468204620E-002
  -2.9977112539444569E-003
   4.1994049335923922E-002
   1.0554817136196217E-002
  -1.8051379204286480E-002
  -3.7007657042666757E-002
  -6.6689174309509225E-002
  -0.1854292976865756     
  -0.2335188141045543     
   6.0664091928343380E-002
   2.2537520062936416E-002
  -6.2489866201053657E-002
  -4.8550754867869532E-002
   0.1153256443536112     
   0.1426699705489728     
   0.1803618471995129     
   0.2744062342082677     
  -3.8791562698562574E-002
  -4.1960322392989022E-002
   8.6357172789208647E-002
   0.1029852238916518     
  -0.1809610978712866     
  -0.1848541024751901     
  -0.1593446754510690     
  -0.2029317113169588     
  -4.6427283302239077E-002
  -3.1145211427917268E-003
  -5.9526729362927000E-002
  -8.0739307098027862E-003
   0.1818251321302412     
   0.1820552246691688     
   0.2082074647989301     
   0.3063932933439019     
   0.1392593660608661     
   0.1028636735685079     
   9.8841496128479651E-002
   7.8967945578204288E-002
  -0.1129813777760389     
  -0.1335799800955366     
  -0.2345241189704305     
  -0.3821395442082877     
  -0.1826851400110799     
  -0.2027141611931001     
  -0.1972510387078484     
  -0.2929133873058769     
   1.5625131034006124E-002
   5.1000788150094145E-002
   0.1700736695949276     
   0.2729785465425751     
   0.1549141182758186     
   0.2435544803251336     
   0.3026982860410970     
   0.4687694247464252     
   5.2551313689711687E-002
   8.0752102941897945E-002
   7.2566371465489787E-002
   7.6226517727323433E-002
  -8.1578001629432624E-002
  -8.4574809415340688E-002
  -0.1104719371051139     
  -0.2158001198213848     
  -5.5990173952300450E-002
  -2.4926607130527638E-002
  -3.2298060533821071E-002
  -7.1541674124706409E-002
   1.6804820151101900E-002
   2.4316425693173898E-002
   7.7374050280516222E-002
   0.1044210195854211     
   3.9951218344297414E-003
   1.0620812698327766E-002
   6.0092238086371355E-002
   9.8956063803541880E-002
  -6.2858803498782256E-003
   4.3653096189107483E-002
   5.3571766959291880E-002
   0.1234869802979192     
   5.6694714776361241E-002
   5.8214324544758975E-002
   6.8613586122105747E-002
   0.1596096098852281     
   5.6758384158729651E-002
  -8.9128148490464145E-003
  -6.2634977225376121E-002
  -5.0952281949762490E-002
  -7.4065091649113501E-002
  -0.1159411183171652     
  -0.2169084133737837     
  -0.3498666659751200     
  -0.1318548926590695     
  -0.1227658283674059     
  -0.1038510374971872     
  -0.2152124634047777     
   2.6257490122229266E-002
   8.0708397769772020E-002
   0.1835601636888441     
   0.3146011556827279     
   0.1769142814771022     
   0.2368922936160863     
   0.2815742052303528     
   0.4975394960346552     
   6.3280947525118538E-002
   5.8295293339900560E-002
   6.1909770077782103E-002
   3.7684696373295923E-002
  -0.1562836372843500     
  -0.1781579191164836     
  -0.2096194376915479     
  -0.4148348699344135     
  -0.1411908678355185     
  -9.3934086191642177E-002
  -0.1361187372322859     
  -0.2466636673751839     
   7.8231158948230641E-002
   0.1664970071027916     
   0.2429988055109430     
   0.3009989219860891     
   0.1602323856076999     
   0.2357356686139473     
   0.3691272041415495     
   0.4942647145199696     
   9.5442333371867853E-003
   2.6275646679769715E-002
   3.6517574247317865E-002
   6.6351993878687301E-002
  -0.1120853800985877     
  -0.1807867711858587     
  -0.2729136930587619     
  -0.3957686561405183     
  -5.1539655154286272E-002
  -0.1245772627084072     
  -0.2400843110061262     
  -0.3410575738434163     
   3.4586159331956972E-002
   2.3451017284675291E-002
  -4.3401392244369958E-002
  -1.6065804818820473E-002
   2.2656765170723236E-002
   1.5629638113349353E-002
   9.3092952804579863E-002
   0.1483212950400719     
   1.2488156911062180E-002
  -4.7928410232751064E-002
   2.7200304034780070E-003
   3.3700573458603977E-002
   5.2759030439375696E-002
  -5.3165615739893211E-002
  -0.2518041923348379     
  -0.2703376415828953     
   1.1998699609239536E-002
  -4.9077940840496197E-002
  -0.2267509480299768     
  -0.2976037777754843     
  -0.1149949382433871     
  -4.2194578201805140E-002
   0.1148831386364720     
   0.1047092587782492     
  -0.1004696281231171     
  -2.0699103829474041E-002
   0.1635041192632667     
   0.1149046884901911     
   0.1084134066831710     
   5.1350171448200586E-002
  -0.1653359880733813     
  -0.3808887051338235     
   0.1983087395031617     
   0.1379202173520090     
  -0.2425092982917292     
  -0.2474145336570211     
  -2.0856501402344660E-002
   3.9245461080658348E-002
   0.1380169265234407     
   0.4160889798337733     
  -0.2383058567766601     
  -7.8842662824595013E-002
   0.5523962102718486     
   0.4137000714062396     
  -0.1040467805065911     
   0.1588629092656871     
   0.5303946924583057     
  -3.9074559502950382E-002
   0.1867043140627188     
   0.3298381650271804     
  -2.2122667243523884E-002
  -0.2393584555900922     
   0.1923054860270141     
  -0.1213616626638061     
  -0.5107624677944258     
  -0.4385923512016555     
  -7.0160200264958528E-002
  -0.6046442560754266     
  -0.3672156981563935     
  -0.4197383257448040     
  -0.1885678489801301     
  -0.3380213471827194     
  -1.9908589129375764E-002
   0.3101548836692531     
  -3.6708915141116680E-002
   0.3705095579937816     
   2.7473935026800236E-002
   0.9707718588654666     
   9.7253902629197313E-002
   0.5956123801684607     
   5.7269521555804239E-003
   0.6665915088223542     
   5.8603803623553121E-002
  -0.1112247060108255     
  -4.9252875053638991E-002
  -0.1662521333201756     
   1.3323281189268408E-002
  -0.9360547917297392     
  -9.3536714335544104E-002
  -0.3610098798260517     
   2.7050260434981017E-002
  -0.6256001218772901     
   0.3463252343463127     
   0.3815648437967570     
  -5.0925359188945043E-002
   0.4593698851980625     
   0.4534446276190708     
   0.3318138517483874     
  -0.1665630213849613     
   0.8948268717474694     
  -0.9640381395710175     
   -1.486785436397574     
  -3.8553556985327200E-002
   0.4583382490263681     
   -1.969000244478459     
   -2.122118295800871     
   0.2563187134006821     
  -0.2852760441653901     
  -9.0981978878925513E-002
   0.3236526495839177     
   0.2265612795836556     
  -0.9941808730236154     
    2.434758238642110     
    2.237245434115551     
  -0.2078797336247497     
  -0.8861893768252786     
    1.895998822304708     
    1.098852693791792     
  -0.4079116825381196     
   0.4376234445743191     
  -0.9179365309848018     
  -0.5431960719372476     
   1.3169145736449528E-002
    1.561441340354753     
   -2.615042184696998     
  -0.9873366818189018     
   0.4611411638369359     
   0.8163470156178093     
   -1.885165837821730     
  -0.9332765964224130     
   0.2346431442253067     
   -1.291384285640001     
   2.1789631411224213E-002
  -0.6149329281040469     
  -0.3313790961397709     
   -2.237655097820759     
    1.130028240416491     
  -0.7264299582205593     
  -0.3864553716062833     
  -0.3936656283188763     
   0.7103303993237043     
   -1.303878614410135     
   8.3991014295596838E-002
    2.259318741739870     
  -0.3232517104402948     
  -0.9576777961603817     
   0.3308741555992383     
    2.211671714927194     
   -1.054427284086743     
  -0.8267051682565492     
   0.1124121964793461     
  -0.5780020919902062     
  -0.8341864511881163     
   -1.460926383283194     
  -8.4082506521437033E-002
   -2.409870076513369     
   0.7614454979055312     
   0.7209082924346531     
  -7.7058536786814136E-002
  -0.9363404227263709     
    2.233491942559423     
    4.207887455873035     
  -0.1828785647919091     
    1.422213023106984     
    1.880090705219212     
    3.112837082045274     
  -0.2599953343923881     
    1.230797937711780     
    1.049193365227677     
   0.7792939317330477     
   0.2099000357551026     
   0.1628601899168287     
    1.430214038346972     
    2.408693529245891     
   0.7717382777367138     
    1.146304593929960     
    2.464266155891249     
    3.079312689158845     
   0.2134313051170581     
   0.9120001384548241     
    2.993615127779115     
    1.400169225736589     
   -1.142961866906995     
   -2.343274030680659     
   0.8386773988608450     
    2.638213490964480     
   -1.101577967950915     
   -2.072888194164586     
   -3.980219425009207     
    2.581055957545916     
   0.9854882810510325     
    2.783261910168568     
   -4.328808964881267     
   -2.609023567844016     
    2.197388273021502     
    3.927688965882531     
    1.987385056710393     
   -3.907035031125559     
  -1.1089232418544706E-002
   0.7317212189894825     
    3.321121875274305     
  -5.5724012173103112E-002
   -3.011715105567826     
   -2.233037615240018     
   -3.870574135911804     
  -0.8209772319843637     
   -1.832677635058432     
   -6.438662598825923     
   -6.414945021977752     
   -4.916568439196221     
    2.944709231778950     
   -6.784524854456020     
   -3.429729957230649     
   -8.560864608189242     
    4.320946808731611     
    3.521808896146191     
   -6.596699285253504     
   -15.55006481869537     
   -2.077805779138377     
    8.658652053348057     
   -8.625454974926711     
   -17.40939184844801     
   -6.596037861332477     
   -3.456546936202093     
    1.095283072447371     
   -5.126155262107986     
    1.066323634126561     
   -9.537351984943609     
    6.511368971706912     
    3.826826964032609     
