   0.1266627938029295     
    1.448819423807402     
   0.1692595954512484     
   1.8532943840626444E-002
   2.7014752095736068E-005
   2.4263400635013266E-005
   4.8755752714851157E-007
   6.5492083889213841E-009
   1.5005209114102889E-009
   2.2148183940884594E-011
   2.1127801836654854E-013
   3.8125412385038576E-014
   2.7731524677328867E-016
   4.3987563090627289E-017
   5.6001467966155900E-019
   2.8823417974945610E-020
   2.5680157625066058E-022
   1.0818561267465368E-022
   1.4168190481146647E-024
   9.0629392761204794E-025
   1.8105345309914632E-026
   2.4757522775181338E-027
   1.2262153278375443E-027
   1.1353065122120019E-028
   9.3648060202323684E-030
   1.3761235501214419E-030
   1.3940365126645911E-030
   9.1654135947466990E-031
   2.2270647260031784E-031
   1.0542838531738299E-031
   1.1005490469267269E-030
   1.6316331664752415E-031
   1.4987330541785536E-032
   9.5706809806008195E-032
   1.0784647966468923E-031
   3.1071487281727106E-031
   1.3263666739170399E-030
   3.1889948216427100E-031
   2.1546446058962592E-032
   5.4336683630875617E-032
   6.5843936405698162E-032
   7.7647862446276861E-032
   1.2004064886302848E-031
   2.1375609563751881E-031
   1.8167140540844995E-031
   2.4494986579854139E-031
   3.3788441324917069E-031
   1.0606080912882498E-030
   4.1982603555753588E-030
   2.8566683207389039E-032
   2.0973658326459672E-031
   1.9442395602384979E-033
   2.1046041819475820E-031
   2.5198449010951798E-031
   1.1877808548797322E-030
   8.4618532800860748E-032
   5.5456370740062653E-032
   7.4164199060738332E-032
   3.4733800769883079E-032
   2.1752765838789352E-032
   2.3052110457703390E-031
   1.9274358428293182E-031
   6.2015109334183913E-032
   1.4652694170583787E-002
    1.871588713504529     
   1.0598799761985964E-002
   3.0516046117849105E-005
   8.4182977500226421E-006
   3.1831656443851952E-007
   5.7053970190497774E-009
   1.0325960186400254E-009
   1.2411920148541395E-009
   1.9875833228773940E-011
   1.6743446542139604E-012
   3.8402029074233148E-013
   4.9786982640551916E-016
   7.7300179371439111E-016
   4.8010431489556584E-017
   7.3346606729032242E-019
   1.0105068495826364E-020
   7.0974803242341160E-021
   2.1974032932998471E-022
   2.1076561459232241E-023
   1.3413541857228402E-024
   4.8673286550670012E-025
   1.2467459185940373E-026
   1.9276615081486108E-027
   2.2354316823094704E-028
   2.0578129376434413E-029
   1.7425364108732899E-030
   2.0204173424012222E-031
   2.4097203607082287E-031
   1.2163720475144981E-031
   5.0214904128447220E-031
   1.9072406147000848E-031
   1.8621440325087462E-031
   3.6580983754017220E-032
   1.3824136103182794E-031
   2.8355910676373126E-031
   8.3066021073885778E-031
   1.5472293776923188E-031
   3.6360421550608937E-032
   6.0758706620071203E-032
   3.7589556678998326E-032
   1.3552511554517490E-032
   8.0450567824092829E-031
   1.4146815760686879E-031
   8.5608036548588835E-033
   2.5894413877612359E-031
   3.3349974384821257E-032
   5.3259762839616336E-031
   8.0244372006229305E-031
   7.8782568542065876E-031
   2.0242030058333165E-031
   7.4433594168126893E-033
   4.7540615874917149E-031
   7.6571582132089091E-032
   6.0041190951819630E-031
   6.8302137760976533E-032
   4.7326198319998927E-031
   3.7363549647666110E-032
   2.6564617158206105E-031
   8.7803379680382658E-032
   1.2244517266881778E-030
    1.265814802945100     
   9.3997325015908721E-003
   1.6213994944382448E-004
   1.2904131606534208E-005
   2.3056238937920779E-006
   7.1258485417905941E-008
   3.6741102708676148E-009
   6.8911900881949002E-010
   9.3984405809313643E-010
   7.5430477429068450E-011
   7.3491407947984317E-012
   1.8654359381328494E-012
   9.5432155977416748E-015
   6.2230085168918992E-015
   5.5447479774991955E-016
   9.1741373168559850E-018
   4.3292224029531425E-019
   1.5028400696172081E-019
   5.9555592506767443E-021
   5.0754268192206817E-022
   4.2619293686480573E-023
   1.0137107600223669E-023
   6.7192657060216128E-025
   1.6175425100572260E-026
   1.3086362993470506E-027
   1.3366406049422470E-028
   6.0616091870454287E-030
   7.3534285062306539E-031
   1.8391019923893719E-031
   1.6988795842300817E-032
   5.9347416929251553E-031
   3.4112025691340859E-032
   2.6353653144092637E-031
   1.2213112851689729E-031
   1.0230772631901592E-031
   1.6647553837537963E-031
   4.0323505580402017E-031
   1.0515953440742862E-031
   1.0665680524947967E-031
   3.0793958028280857E-032
   4.0289813501772844E-031
   2.3519639514281740E-031
   3.4929220736312687E-032
   1.9974776615271921E-032
   1.6127514321262995E-031
   4.3773745139123292E-032
   5.9512018663870636E-031
   4.0995003246440636E-031
   5.5174906551598957E-030
   7.8922397651609035E-031
   1.7342426419047897E-031
   1.1055754559947752E-031
   1.9377489257799120E-031
   1.3607676749675739E-031
   1.2434696029055430E-030
   1.0832127463391910E-031
   7.6359724411027496E-031
   3.2848584084342041E-031
   1.2629881144256387E-031
   0.6302771970511625     
   1.9369731551798633E-003
   3.5628225018161315E-006
   8.9345670801344284E-006
   1.0899569208633453E-006
   5.2557824976469716E-008
   2.1340358890082403E-009
   1.6978889482911264E-009
   5.0111945484818774E-010
   1.3280595300729265E-010
   1.1111068903312580E-011
   4.1055221931636243E-012
   3.5067694893536832E-014
   2.0986711989289932E-014
   2.3332048533803933E-015
   4.6452690848454301E-017
   4.7532450859634725E-018
   1.2766753829052035E-018
   5.1270937142500541E-020
   5.2420108133063961E-021
   4.4575418541178422E-022
   1.0700780783125192E-022
   7.1651480712164588E-024
   1.5121813702219171E-025
   2.0074014853716986E-026
   1.5411321365174413E-027
   1.3069022093487446E-028
   1.5543954486202640E-029
   9.5911399064077969E-031
   1.6282768297842156E-031
   5.8217671598738177E-031
   1.3477419888085507E-031
   2.9013284263424373E-031
   9.3269767569253546E-032
   2.5799311701826615E-031
   3.6996046476202959E-032
   6.5281797418779171E-031
   4.3339374311499457E-031
   2.4264445610909879E-031
   5.1000106343419276E-032
   6.0199693809807453E-032
   5.8227797899051055E-032
   9.1666749878506089E-031
   1.9777104195517772E-032
   4.5383687423631294E-032
   1.0875628822425591E-031
   4.5900531274678746E-031
   8.2962428293886319E-031
   9.1263471350566068E-030
   1.8292415978191556E-031
   3.6781323887520672E-031
   3.5699007593670684E-032
   6.9789194898646496E-032
   7.8708277258062020E-032
   2.2681027328806111E-030
   1.0814094943891273E-031
   4.3815738182471478E-031
   9.9451775579764305E-004
   3.5760802970071315E-003
   7.0179556082467744E-005
   1.0587739536721221E-006
   3.0604158915079820E-007
   3.1097906554680144E-008
   8.9214226225350242E-010
   1.6282569153111934E-009
   2.5939777917877036E-010
   1.1710343066417672E-010
   9.1137639982578396E-012
   4.7311105982176889E-012
   5.1049676827650678E-014
   3.4941485678667394E-014
   4.7024672851879226E-015
   1.1490627361957557E-016
   2.1622582762439340E-017
   5.0941931844266728E-018
   2.0548374658342499E-019
   2.7407391175585660E-020
   2.2542738474965427E-021
   5.6023826193355264E-022
   3.7923758369587777E-023
   1.0388103315242978E-024
   1.4259124620827537E-025
   1.0521842336655307E-026
   1.1170006896103337E-027
   1.4566560377399853E-028
   9.2815638655550163E-030
   2.7125030243910588E-031
   7.1333525133131159E-031
   1.7123449274522078E-031
   1.3692119532385041E-031
   5.3891843993257194E-032
   2.3766346807883671E-032
   1.8896359580825543E-031
   4.0458866014254848E-031
   4.3519718395614575E-032
   3.5629085052313823E-031
   2.2709568068917130E-032
   6.2705491639143318E-032
   9.7596456416003736E-032
   4.9207981165585748E-031
   6.0447114705364546E-032
   7.0618483003553774E-031
   2.5650478287919882E-031
   4.8720557915404505E-031
   2.0151654986230421E-030
   1.7557074171974301E-030
   5.4721197312132466E-031
   6.8141882815864072E-031
   2.9467600661812989E-031
   5.5833064989081906E-031
   9.8185432666044399E-032
   1.1157377994256126E-030
   5.0457949123571755E-005
   8.9353969925892791E-004
   8.5971818780079445E-006
   4.2348985831477588E-007
   5.3663660271782057E-009
   1.0478547250645596E-008
   3.9957674794433636E-010
   9.6625032412580509E-010
   1.6663105625088037E-010
   6.4125952462454903E-011
   5.4832917390589166E-012
   3.1157174484408969E-012
   4.7783764856715676E-014
   3.2039712081382685E-014
   5.1753564342836640E-015
   1.5188563960610009E-016
   4.7723670395622424E-017
   1.0578756001265179E-017
   4.5241774672807757E-019
   8.1976229535241067E-020
   5.9841932115617604E-021
   1.6351210196641710E-021
   1.1262654372298917E-022
   3.8098698768862063E-024
   5.9985137032995137E-025
   4.2785390351165011E-026
   4.8878668250425248E-027
   7.3425837116760224E-028
   2.6844103399840651E-029
   1.4142374588459266E-030
   9.8852642664194672E-031
   2.5270761048205115E-031
   2.2259077479180549E-031
   1.5055471184706251E-031
   1.0368413182571048E-030
   1.9165064242877175E-031
   4.8202803529594220E-031
   2.2755692087626986E-031
   8.6617539010669926E-032
   2.5025398904537615E-032
   1.6092048901296716E-031
   1.0627476344589826E-031
   2.5152147149433124E-032
   1.6072525994167770E-031
   3.6446461556580538E-031
   7.1376220271709325E-032
   1.1346408321198702E-031
   7.8953391759705571E-032
   6.0696882780789068E-030
   3.9635593066244358E-031
   1.8181175628089552E-031
   1.1115489489442638E-031
   6.6772508213501460E-031
   4.3716459312830160E-003
   1.1392664026539050E-003
   4.4652111429644545E-006
   6.1502167621808397E-009
   1.6006726002501286E-008
   1.3579757211060908E-009
   2.3671954506632877E-010
   3.3412478206395302E-010
   1.2290863136807011E-010
   2.6436009377854557E-011
   2.6980375420337150E-012
   1.2959010037163477E-012
   5.1108046740390956E-014
   1.8537848390066959E-014
   3.2979578807250327E-015
   1.0524641181856913E-016
   5.4488671142632246E-017
   1.1626643429425034E-017
   6.2429718180124141E-019
   1.4905119114588765E-019
   9.1341237838509794E-021
   2.7790482074826546E-021
   1.9267205212904756E-022
   8.7973580908354769E-024
   1.6045477362819360E-024
   1.0077024181206033E-025
   1.2709171937679511E-026
   2.1868775416192325E-027
   6.9261848452861141E-029
   3.7721362988030642E-030
   2.7205390275201764E-030
   4.8731044440721192E-031
   2.2983741244450568E-031
   2.3935355598650272E-032
   5.6879220779208346E-031
   2.0865832627083845E-031
   5.9717993958203568E-031
   2.2305016974592284E-031
   9.8685316514687287E-032
   6.3129947092240757E-032
   1.7074567544966563E-031
   1.1991078213792479E-031
   2.3190115103253723E-031
   8.4502509209804870E-032
   5.4171444412580492E-031
   1.4162301236270567E-031
   4.8965443089929721E-031
   1.6956028201333837E-031
   6.5580351946894799E-030
   1.9941052661000358E-031
   5.4191836107101485E-031
   2.7086365346898766E-003
   1.8220872966750679E-003
   6.1834052265555091E-006
   3.0921093812000215E-007
   8.0554009781209501E-009
   2.8134889933656599E-009
   6.8844914502126819E-011
   7.1791719494477384E-011
   7.2526912139093973E-011
   1.1337614326994552E-011
   1.5120990379907918E-012
   4.1887852536238110E-013
   4.9217888960563290E-014
   7.5779710540554888E-015
   1.3103721871004685E-015
   4.8796566730759414E-017
   3.2480415881922347E-017
   6.7854344692761739E-018
   6.6124191182350858E-019
   1.7355399111253829E-019
   8.6461180783584606E-021
   2.7853099224038571E-021
   1.9611921949931052E-022
   1.3263368137088771E-023
   2.8231036487299352E-024
   1.4550428134991298E-025
   1.8115822014890373E-026
   3.4412888231445313E-027
   6.8097789166953948E-029
   1.3336530616364510E-029
   3.4608475918748938E-030
   6.0024456131155466E-031
   3.1340651467509320E-031
   2.6743160545402747E-031
   6.5969010907519854E-031
   1.2368475868225368E-031
   1.0398407551862023E-030
   6.7102571592171811E-032
   1.9937360961888423E-031
   3.7302985545841896E-032
   2.8604476199768364E-031
   7.8527661294031015E-032
   9.2444148522840059E-031
   5.5602418449779911E-032
   2.2498231017355201E-031
   2.0840474001504985E-032
   7.5826236524439272E-032
   3.3500482953529587E-031
   5.6511029600293821E-030
   3.7061267902112238E-003
   1.3871305369517637E-003
   4.2095975064692919E-006
   1.7931644472539001E-007
   1.9738766678919157E-008
   6.5497958480701302E-010
   1.3590733641326127E-010
   9.3931285862686842E-011
   3.3711657601112153E-011
   1.0142662967531186E-011
   9.5720739742009027E-013
   2.1010860620641147E-013
   3.7602825283595251E-014
   2.8938026366141226E-015
   5.5888460439592125E-016
   4.5450546129169576E-017
   1.2618009246978255E-017
   2.6922252404974762E-018
   6.2098491055327383E-019
   1.3758970743012424E-019
   6.7155271484792332E-021
   1.6235391204836054E-021
   1.2302874440829266E-022
   1.3704750672120101E-023
   3.3448606997305563E-024
   1.8145461025181744E-025
   1.1913310918493991E-026
   2.7799279749654247E-027
   6.3000399237580069E-029
   3.3248040865406558E-029
   1.2154928723432359E-029
   1.5664904396434165E-030
   1.5113638794991187E-031
   1.2639636788928732E-031
   3.9887863525918355E-031
   1.4039482025060246E-031
   9.9137581681464297E-031
   1.4660292354722260E-032
   4.2086996695308008E-031
   7.6843386988255533E-032
   1.7563123228299089E-031
   1.6531183512157863E-031
   9.2075593735445729E-031
   1.8962877518864190E-031
   3.0248719009475673E-031
   1.1343155105355160E-031
   4.1407308176384907E-032
   4.5852918095702533E-003
   1.3282489894990182E-003
   2.9015197816856571E-006
   7.0394742095913223E-008
   4.9943684890284352E-009
   1.3288173585580934E-010
   5.1759121773811358E-012
   2.4936783183631288E-011
   2.1151054631683461E-011
   6.0897641602617689E-012
   4.7221941973304160E-013
   2.0549935158356334E-013
   2.6228792547449462E-014
   1.8724344031988050E-015
   4.9669870989759382E-016
   4.9009342169639396E-017
   7.0851489748699166E-018
   1.8217033938480329E-018
   4.7335598207636167E-019
   8.4665129447438776E-020
   5.9270030633466959E-021
   5.7238356631568728E-022
   5.7365192527953646E-023
   1.1069405913212498E-023
   3.2604427999691685E-024
   3.2493325313159849E-025
   7.5583723163762961E-027
   1.1116837047578956E-027
   2.4325796918331761E-028
   7.4133397943365722E-029
   1.2388206364193390E-029
   1.2454157459792714E-030
   4.6187985086560142E-031
   7.5586374120901549E-032
   5.0035878033642867E-031
   3.0852525496004639E-031
   2.4498121344851320E-030
   5.3002941162112229E-032
   5.6250243914859066E-031
   4.2729928908882266E-032
   2.1385212653136647E-031
   3.3228846102046363E-031
   2.4083573056477565E-031
   1.4077317948147272E-031
   4.7512538867621732E-031
   4.5953748364066298E-003
   1.5660423999321241E-003
   3.3427925387183444E-006
   7.4013089015496139E-009
   4.4068500132094703E-010
   6.6722529458811923E-010
   8.7082950490317561E-011
   6.6508372011184811E-012
   1.5669845222171929E-011
   2.1843871506574728E-012
   4.5022161713590689E-013
   1.3723591139687954E-013
   1.5060373018730604E-014
   1.2719000085892720E-015
   4.6096585256996816E-016
   5.0167738363841892E-017
   6.5325243533216444E-018
   1.6041708947290470E-018
   2.9416216962816231E-019
   5.3142467863594103E-020
   5.1328932723976415E-021
   2.5662544164038215E-022
   3.3228301398921305E-023
   9.2455358082753349E-024
   3.3813620878786006E-024
   5.7025250074636045E-025
   2.2050569672492362E-026
   1.2523126983586843E-027
   5.7277712740209772E-028
   1.0353644938447166E-028
   1.8022283590208488E-029
   3.0191230544724013E-030
   3.5809873427974064E-031
   1.2574540742147993E-031
   8.8621868202588026E-031
   1.4150381200948045E-032
   2.4598002667808099E-031
   2.1290218091824782E-031
   3.5698106038469177E-031
   2.6426776814490167E-032
   1.5741927870638628E-031
   2.9857691756396711E-032
   6.1006126834357417E-031
   6.1845198647024713E-003
   1.3796510790884580E-003
   4.9356147345221011E-006
   1.2434269631453940E-007
   5.1047944490162926E-009
   4.5704764873640435E-011
   1.0803045986251052E-010
   5.8101351772543888E-012
   9.1932118200304398E-012
   3.1781940208109156E-012
   2.6017518076752073E-013
   3.9821322617627022E-014
   1.6756788113812560E-014
   1.6425615297980491E-015
   4.0299921829435528E-016
   4.2208083271319392E-017
   5.2989888724450553E-018
   1.0052968452725155E-018
   1.8119577892422548E-019
   4.0003531940771992E-020
   3.9074919169751787E-021
   2.7949318769263325E-022
   2.3583443653116873E-023
   8.7292346681494859E-024
   3.4684106498683724E-024
   6.1918979467301307E-025
   3.4129167320483922E-026
   1.8954626631434712E-027
   5.7302749551574461E-028
   8.2897184950391321E-029
   1.6365224013102591E-029
   2.4494536594641398E-030
   1.0825869028071065E-030
   1.8852225914431679E-031
   2.7227706881912468E-032
   2.6860135067491764E-031
   1.3086643133249249E-030
   1.9988335361792275E-031
   2.5204123225823261E-031
   1.7783764022823892E-031
   4.0531813649403530E-031
   4.4983318765111573E-003
   1.4321659012359868E-003
   3.1368965783953184E-006
   9.0984662862212300E-008
   2.3178433942129497E-009
   6.9679427586416534E-011
   7.2779092860727923E-012
   9.6435548452461699E-012
   3.6641680897899520E-012
   1.1346940716098277E-012
   1.4190506860809364E-013
   7.0487461017322728E-014
   1.4325159489531809E-014
   1.5344101489132314E-015
   2.1474498923484648E-016
   3.4779468466636239E-017
   2.5198641711692664E-018
   3.4233718440962519E-019
   1.1889440879867670E-019
   2.8805910009398454E-020
   2.8125548716516779E-021
   2.3794711896986844E-022
   1.4720058503264886E-023
   6.9604158796732039E-024
   2.7318537045613906E-024
   4.1639703958580085E-025
   2.8521574872997647E-026
   1.3224175313708342E-027
   2.6702049015055493E-028
   4.6368650985637165E-029
   1.3571328452985814E-029
   2.4314945674157387E-030
   2.1484969869082251E-031
   1.1146757562640703E-031
   1.8068388895741316E-031
   2.1343400259658085E-031
   5.1755275063823412E-031
   2.2662507413841015E-031
   4.0468999188272301E-031
   5.3875005004751415E-003
   1.1165960604134688E-003
   1.6442990349490985E-006
   1.5668207218165520E-007
   2.4968603735638610E-009
   1.7413105667777453E-010
   8.9436633341057679E-012
   1.5801143991922018E-012
   3.2211420813903513E-012
   5.5960389213098463E-013
   1.2643787427425746E-013
   3.3724052607295918E-014
   5.1453591084750352E-015
   8.5276860383770750E-016
   2.5393664357623562E-016
   4.4345596200835722E-017
   3.0640423977149882E-018
   2.9351734534823573E-019
   8.1530834595072132E-020
   1.7775857897183613E-020
   1.9931754070139224E-021
   1.5099550128364168E-022
   8.8837200346100342E-024
   4.3613118910195432E-024
   1.7714151971888925E-024
   2.7007922205896655E-025
   2.3873491859352383E-026
   1.2715882060224422E-027
   9.7528528566563217E-029
   2.5694841338111898E-029
   1.1078459984607505E-029
   2.0913476358791505E-030
   6.3940738201367262E-031
   8.9037405972841288E-032
   2.9500944647883953E-031
   1.5304206714416884E-031
   1.3062495785762365E-030
   2.0633275734917160E-003
   6.3493616742102592E-004
   1.1748542164990974E-006
   4.1339954099035072E-008
   3.0006792587080957E-009
   1.3918035681970444E-010
   8.3985127998854061E-013
   2.8499449809280835E-012
   1.0076306996149906E-012
   8.1361346596906969E-013
   6.7211854111013656E-014
   1.3434353254576576E-014
   8.1719168886897897E-015
   1.1533028603801940E-015
   2.4090206181259348E-016
   2.6226986620989963E-017
   2.3032245537427585E-018
   1.8786019868706557E-019
   3.6813180717132576E-020
   9.9929327135424266E-021
   1.3681395622893913E-021
   1.0416168982372356E-022
   7.3883256612650090E-024
   2.8110788611172048E-024
   1.2393461589259129E-024
   2.3912118824075836E-025
   2.3011284044595390E-026
   1.5898769055156596E-027
   7.2693238224016357E-029
   1.8591102877960552E-029
   3.1766601024914931E-030
   6.8109577575591302E-031
   7.9746907358598520E-032
   6.7462878464047069E-032
   2.4378231426001595E-031
   1.5422826735552708E-003
   6.5879830724751010E-004
   1.4392954582654398E-006
   2.9664692785967928E-008
   7.8110681921578342E-010
   2.2193255297004111E-011
   9.6386894701249659E-012
   1.7040236374144577E-012
   4.4138971087457275E-013
   3.0698982522033580E-013
   5.0202315592211200E-014
   1.9935116744401862E-014
   3.6047360947812832E-015
   6.4248203921597664E-016
   9.8447740496860092E-017
   2.3777311408862118E-017
   1.2922752502450574E-018
   5.3653415901240571E-020
   1.6109588549760536E-020
   5.7573636924120377E-021
   7.7866489185030225E-022
   7.8951529359656201E-023
   5.9122176395556894E-024
   2.0827176911961622E-024
   9.4364922258562167E-025
   1.9017427405781589E-025
   1.7563779289507502E-026
   1.2104826728149294E-027
   5.1222850600332483E-029
   7.2655972612070352E-030
   3.6461711513567336E-030
   2.0944497476521216E-031
   2.0762707136445013E-031
   1.1655120966134320E-003
   4.3997149254774328E-004
   2.6723981373791075E-007
   7.3603221029347328E-009
   2.4863669262104469E-010
   3.5972190115917257E-011
   9.2740682838679884E-012
   3.4696415935638250E-012
   1.4101881542346155E-012
   3.3625154263704990E-013
   3.8156184166319470E-014
   2.7831847959312528E-015
   1.6007877884075617E-015
   4.4865533013216279E-016
   1.3703104379085540E-016
   2.2220375108855701E-017
   1.5302030590231053E-018
   7.3494034649554996E-020
   1.4381310183491736E-020
   3.9712720867354880E-021
   5.1671029377481270E-022
   6.1708421076227307E-023
   4.6737401377384860E-024
   1.5527847326431261E-024
   6.0113150551402903E-025
   1.0027711607529424E-025
   9.0044391914706150E-027
   4.7307764916085082E-028
   1.9930107853292334E-029
   6.3501876239702204E-031
   1.7534065562241905E-030
   6.2780177331224980E-004
   3.7634648192128384E-004
   5.9108030165946506E-007
   1.4058283816764727E-008
   2.1412991543823519E-010
   1.9630257915335571E-012
   1.0647444467128544E-011
   2.4824105560622773E-012
   1.7398963580763844E-012
   5.5336103925503055E-013
   4.8462042565415446E-014
   4.9772285158073801E-015
   2.0173051635301338E-015
   3.7817811729430928E-016
   6.9072738751729936E-017
   8.6252397275598511E-018
   7.0370756464321076E-019
   2.1513707123229309E-020
   5.3939600205486276E-021
   2.1354680057204076E-021
   3.4256234064055420E-022
   3.6205674894820379E-023
   3.0922731204599474E-024
   7.7376641172135283E-025
   2.6516274852740693E-025
   3.9289956855211869E-026
   4.0525698105021544E-027
   2.1953368848902728E-028
   9.9412253563200021E-030
   6.1629512221154981E-004
   3.7021215861187051E-004
   5.0647251315245123E-007
   2.4442177885391287E-009
   1.4296545937398437E-010
   4.2880323818807957E-011
   1.0780302518069826E-011
   4.5163572963035694E-012
   1.0876135145692103E-012
   1.3097111214936379E-013
   9.1941894344983837E-015
   2.5825149790928270E-015
   2.5204130570753303E-016
   1.3054822487493771E-016
   3.5872188280706085E-017
   1.0590498146430241E-017
   6.1193436819392595E-019
   3.0869590586769577E-020
   1.9101938665267959E-021
   9.2725475756050617E-022
   1.4753554574877477E-022
   1.7455523501200441E-023
   1.7392217577405940E-024
   3.3926563606606446E-025
   1.1937801848704452E-025
   2.2614947358155115E-026
   2.1667443114886624E-027
   4.0790707782095694E-004
   2.9588261369096394E-004
   3.5982504500127472E-007
   2.1304035563276158E-009
   5.0753938433104473E-010
   7.7274744973649163E-011
   1.7633683163665066E-011
   1.2748154308956581E-012
   1.0318083007682597E-012
   2.1662459388547757E-013
   2.7345212592681039E-014
   1.3785226659696534E-015
   4.6085391217507885E-016
   1.3548526594617059E-016
   3.9186270341549401E-017
   5.1353643312434381E-018
   3.8256092366685674E-019
   1.0703715455832485E-020
   2.4643900792481599E-021
   7.7713270220283857E-022
   1.0257872954095695E-022
   1.4337648839741117E-023
   1.2050350135906951E-024
   1.8890641462656543E-025
   4.8688033927318548E-026
   2.9743839627314589E-004
   2.4497886223786165E-004
   1.4011659354586632E-007
   2.5561009671331725E-010
   4.1805289712936924E-010
   1.0165257344043039E-010
   9.7733027839979449E-012
   1.4997025467949570E-012
   1.3990261633399050E-013
   4.7859742435682779E-014
   4.7517972237757951E-015
   8.1420438532691932E-016
   1.9825179267824296E-016
   5.2620249221616007E-017
   9.9821945071957607E-018
   2.4674641517027278E-018
   1.8045807696652581E-019
   1.0425246048885517E-020
   1.4094992812416756E-021
   3.8181692859291836E-022
   4.5174658010292843E-023
   3.6540055904407480E-024
   1.6374737661158263E-025
   2.0646457100378104E-004
   2.0254600638113636E-004
   7.4602434106328523E-008
   1.0405328865983579E-009
   4.3205256255713005E-010
   4.5286491646474136E-011
   7.7474273223312373E-012
   1.1958825779405491E-013
   8.6760639326133759E-014
   3.2514404696493662E-014
   6.1425646711946307E-015
   8.2728473243662908E-016
   3.2984229536807490E-017
   2.4016848281804664E-017
   1.0557646866358308E-017
   2.3816156474882755E-018
   1.1513924295982010E-019
   5.7153292396049551E-021
   4.5327012356409684E-022
   1.0865392292930684E-022
   1.0331935906277316E-023
   1.5325328437946579E-004
   1.7329767151450830E-004
   7.6058939710247326E-008
   1.7373231047216731E-010
   1.2696095986785094E-010
   3.6594674152025468E-011
   2.4677114068542858E-012
   1.8774084898156627E-013
   1.0193172158172161E-013
   4.4339505899766767E-014
   6.7365831397158331E-015
   2.0944460437852621E-016
   5.2753165079285980E-017
   2.0192326770033637E-017
   4.4856848091274184E-018
   3.6301878043074232E-019
   2.5739134756043636E-020
   1.6910002007246376E-021
   4.1288307486718017E-022
   1.1464305553895353E-004
   1.5157672504332986E-004
   6.3137347413188856E-008
   6.5291983913306826E-010
   1.6522050949817024E-010
   2.4577159185494333E-012
   5.5445996847314225E-013
   2.0288314141567816E-013
   5.1267181167338034E-014
   1.8895451522137041E-014
   8.5274599888065801E-016
   2.7046867790303235E-016
   1.4992828579208850E-017
   2.4020110812078608E-018
   1.0121754511931147E-018
   2.9968247786707414E-019
   7.4661967018404543E-021
   8.5953555937804573E-005
   1.3449872434727057E-004
   4.8991987363641858E-008
   5.8394130965618398E-011
   1.0260647734264410E-011
   2.5587416935954410E-012
   4.2107409511487957E-013
   8.4850989498941338E-014
   6.7084201183131231E-014
   1.5423673338402573E-014
   2.0938034055645005E-015
   1.2316631112850223E-016
   3.6145339261087073E-018
   2.3261905005276073E-018
   5.2501546240887107E-019
   6.5968834305014932E-005
   1.1949700430157826E-004
   4.7700054896536059E-008
   7.4448841714146283E-011
   1.4595109763717704E-011
   1.3128638749745676E-012
   9.1819493808103108E-014
   7.4134426644010363E-014
   1.7227368730813613E-014
   3.9724920432580472E-015
   1.9629619601290148E-016
   2.8525657213766991E-017
   2.8582679418272946E-018
   5.1431589903037445E-005
   1.0754757622673485E-004
   3.7821820526581447E-008
   1.0888426410408947E-010
   7.4596984660793009E-012
   8.6832760372686906E-013
   1.1524310906342139E-013
   2.3545236503199756E-014
   7.5924845181523093E-015
   1.3441346354205375E-015
   1.3916617285352604E-016
   4.0214203003718243E-005
   9.7318618621325648E-005
   3.1280089162943141E-008
   5.2959865240271178E-011
   1.0451742265273611E-012
   7.0981109887288891E-014
   1.4126110594805283E-014
   3.8169127312919553E-015
   1.6758477271062430E-015
   3.1772603384396323E-005
   8.8473540785381779E-005
   2.5792449599270464E-008
   4.7527835277075559E-011
   1.3738042024880883E-012
   2.4693333510344866E-013
   6.5224905703524954E-015
   2.5315453047729219E-005
   8.0831386839040125E-005
   2.1141120771858217E-008
   5.4834899354994215E-011
   1.4469260033673987E-012
   2.0189204822736007E-005
   7.4325761034337754E-005
   1.8849686697382449E-008
   1.6162679867967602E-005
    12.69809097938044     
   0.9663088896152720     
   6.1489309502058198E-002
   3.3994016162405973E-003
   3.9301798280061554E-006
   3.4633557677181113E-006
   5.8624274587448433E-008
   2.1574521488542073E-009
   1.2993298527050221E-009
   1.6345127608158318E-011
   3.8614735446978701E-013
   1.2431654537539347E-013
   1.6665796195559368E-016
   1.8697682643111570E-016
   7.9339389218095357E-018
   1.4483708079948978E-019
   6.9341112630157022E-022
   9.3810694128687206E-022
   1.9915873784083882E-023
   5.1665150741828301E-024
   1.6655176765641045E-025
   4.6591758042189326E-026
   1.9899598389188743E-027
   3.9989453219753223E-028
   9.0389459373829144E-029
   9.0481039067774365E-030
   2.3412947794937056E-031
   1.4022324454884592E-031
   9.7937166692825990E-032
   2.1263466967958693E-031
   1.1721401373198506E-032
   8.4125225114710052E-032
   5.1177716582967880E-031
   9.4731274797869709E-032
   2.3449248109131111E-031
   2.6246899535030401E-031
   1.9675176736680484E-030
   1.6286440587506616E-031
   8.6380792100706234E-032
   3.6195521919516698E-032
   1.0563792846215225E-031
   2.4690273148683595E-032
   6.5735006955015862E-031
   4.8077896355981267E-032
   8.6030310399505687E-032
   1.0476591331336846E-031
   1.0763538359671823E-031
   6.1367789054062278E-031
   1.5087938182033929E-030
   4.8277455338424886E-031
   8.0719860778114345E-031
   4.7196419091246540E-032
   1.4873954358689772E-031
   5.2934992881308691E-032
   7.9205357202040227E-031
   1.5954314031357317E-031
   5.4768149326138840E-032
   7.5371849950638827E-032
   3.2857595625593099E-032
   2.5451929165661240E-031
   2.1888621334942489E-030
   1.5836053676334727E-031
   1.9233149618290868E-032
    3.384087052065009     
   2.0762869789971830E-002
   1.8919695553901439E-003
   5.9757224973854619E-006
   3.8801847394874196E-006
   9.7015176586649368E-008
   3.5757139305732624E-009
   5.4098975865231402E-010
   1.1352987743607903E-009
   4.1272082172051014E-011
   4.2299764710223782E-012
   9.4412590776833056E-013
   2.8942149917754119E-015
   2.4816030034970940E-015
   1.9014067486934625E-016
   2.9270859072356647E-018
   8.2385031237511086E-020
   3.7413221809827539E-020
   1.4157468475241119E-021
   1.1182211843547623E-022
   8.7742429231002994E-024
   2.3387776857357014E-024
   1.4617036128750451E-025
   4.0800998887593201E-027
   1.3724233902500018E-028
   4.8178243995231416E-029
   1.7784680265726154E-030
   5.2340733508144979E-031
   1.0337500038661172E-030
   3.6440155396739087E-031
   1.3703684721935094E-030
   8.3613098707099454E-032
   7.9521286230910873E-032
   2.0600205475334392E-031
   1.1759378150155224E-031
   2.0642038530731850E-031
   6.3857121723172821E-031
   1.0313356397423181E-031
   3.0731585008097460E-033
   3.5675357350777204E-031
   5.6452530777604597E-032
   4.8488299657515563E-032
   2.9553867594920691E-031
   6.8994983794759790E-032
   2.5060050863990830E-031
   7.1849102647647971E-032
   6.6160911607079811E-031
   5.3943685026768655E-031
   4.9191972351608628E-030
   1.9209063257207868E-031
   1.6267838368262040E-031
   6.2821433123863351E-032
   6.8777649019686073E-032
   2.0907361847908525E-031
   8.9307301926041092E-031
   1.2135383717390311E-031
   2.2448654295263086E-031
   1.6598565222447261E-032
   4.9627123819474193E-031
   1.0779085563176221E-031
   3.0759923975448542E-031
    1.507310281244940     
   1.7690590286487476E-002
   7.2602516398067181E-005
   1.2371408029541304E-005
   1.5773537623881393E-006
   5.9378203316215963E-008
   2.9896042776608089E-009
   1.2088459494712136E-009
   7.0802237043965572E-010
   1.1008941731520785E-010
   9.9303727461013143E-012
   3.0235023158821233E-012
   2.1256381946144174E-014
   1.2574493489010841E-014
   1.2641684246579523E-015
   2.2772038689277272E-017
   1.6294408287890329E-018
   4.8649753354692642E-019
   1.9505157700168041E-020
   1.7783378437201280E-021
   1.5424347498494035E-022
   3.6753841513909871E-023
   2.3236375926770920E-024
   5.3613373913543771E-026
   5.9135147895056761E-027
   4.4710542732736256E-028
   3.3640614398119673E-029
   3.7497426398713074E-030
   6.4105039548364928E-031
   1.1943625095125057E-031
   1.3197639719940391E-030
   6.2188427666488790E-032
   1.4863433022497419E-031
   1.2554779288844551E-031
   2.2901263830703802E-031
   2.6361932052711730E-032
   3.4761353220580600E-031
   4.8163222338003600E-031
   1.2745778089995918E-031
   8.3741001077806576E-033
   1.6672630072689678E-031
   1.4152414258451962E-031
   1.2673935320119134E-030
   1.9444646207784386E-031
   3.7913320953269798E-031
   9.4866207080116673E-032
   2.8696663021114382E-031
   4.9651270837994961E-031
   4.1253338858418376E-030
   4.3881809386316881E-031
   9.3293015369183934E-031
   2.3295496185157236E-032
   1.5457431593626505E-031
   1.3544068761714581E-031
   8.8175774435958587E-031
   3.2186559151648981E-031
   2.3768728927756650E-030
   1.1245544719334086E-031
   2.1620857422642583E-031
   0.1342519396519526     
   7.9125075892056982E-003
   2.0597051097583359E-005
   1.7818995917739340E-006
   6.3749652168404838E-007
   3.8763754081085180E-008
   1.4253047383135533E-009
   1.8348739817264978E-009
   3.5020559459155578E-010
   1.3454490402804482E-010
   1.0668955676706828E-011
   4.7524746192251346E-012
   4.6106935799746536E-014
   2.9415193355461398E-014
   3.5879437313483775E-015
   7.9387921938850781E-017
   1.1151305239140161E-017
   2.7756369240236642E-018
   1.1191078857645755E-019
   1.2898487417928854E-020
   1.0942485988731021E-021
   2.6349267600366284E-022
   1.7976823231725589E-023
   4.2980196455120803E-025
   5.7364964464599879E-026
   4.2862949125719796E-027
   4.4688601303046607E-028
   5.0894396793058529E-029
   2.2773245064894039E-030
   1.3354746691920829E-031
   4.2313198662766673E-031
   1.6641284951529689E-031
   2.1996779211596720E-031
   7.8123290921053083E-032
   1.4077265406996231E-031
   8.5011042112408948E-032
   6.1114508150511568E-031
   6.1855036061730644E-032
   2.4272160350728242E-032
   1.4183622288982612E-031
   1.7264951269947638E-031
   2.1878993595451837E-031
   8.4113648650688315E-031
   1.1322230544614025E-032
   5.0413625278619794E-031
   3.2601727600575483E-032
   1.3723634227381789E-031
   1.0874537506528696E-031
   3.5624348231390233E-030
   6.1457201759385169E-031
   4.5794437857766628E-031
   1.0013908603127741E-031
   4.3715912233382177E-032
   4.0021429869470131E-031
   2.3788318327643134E-030
   1.8850208391358269E-031
   5.4454960269227985E-031
   3.6011408234407085E-003
   4.7997433082939605E-003
   1.5449534218614889E-005
   1.9455131419804722E-007
   7.9630127846186527E-008
   2.2823851134197786E-008
   5.5991117378290065E-010
   1.2911193917965562E-009
   2.0549381539653657E-010
   9.0566295963859105E-011
   7.2371978146988836E-012
   4.0906285059589607E-012
   5.0005362039958134E-014
   3.5709908804112573E-014
   5.3036013003698077E-015
   1.4248979991928610E-016
   3.4969980757798966E-017
   7.9492919751104711E-018
   3.2552767840452201E-019
   5.0634581962315286E-020
   3.9387963178354383E-021
   1.0290280082328009E-021
   6.9948928931355239E-023
   2.1154946443031775E-024
   3.0788963573045809E-025
   2.3156966435329589E-026
   2.4908173626379355E-027
   3.4001470185178957E-028
   1.5275229217593953E-029
   2.6966680534998528E-031
   5.8129580587111622E-031
   4.7023741121083269E-031
   1.9367480640249184E-031
   5.6367908623468139E-032
   1.5346040055584047E-031
   1.2857032984803507E-031
   1.4988689626261655E-030
   2.9334569144156291E-031
   2.2642666509574152E-031
   6.0353644107778024E-033
   1.5737648352043450E-031
   8.1937455579672029E-032
   5.5658873099235677E-031
   1.2058699774001660E-031
   9.2805978629942878E-031
   1.0321595035476918E-031
   4.4778824451595316E-031
   6.8119280894024081E-031
   4.4204036764957753E-030
   2.3499022690936759E-032
   1.6433923584426235E-031
   1.5609517601268685E-031
   2.3997433565580422E-031
   7.5171192538092511E-032
   9.9983242708682880E-031
   3.5172387854724256E-002
   4.1870003360401871E-003
   8.9179758466087993E-006
   3.2412971973088887E-008
   5.9335625920201238E-009
   2.7320202446663355E-009
   3.8991756731480915E-010
   6.3439698052185616E-010
   1.4268640070217753E-010
   4.2167835923909189E-011
   3.9320001466976091E-012
   2.1169971993970864E-012
   4.8424011835425000E-014
   2.5659108069692795E-014
   4.4042332688610584E-015
   1.3738199586703033E-016
   5.5299546787775169E-017
   1.2005594119721035E-017
   5.5852794047151004E-019
   1.1720199264648445E-019
   7.9161629829526747E-021
   2.2759219276568827E-021
   1.5745303983815133E-022
   6.1052198568585077E-024
   1.0423513158472353E-024
   6.9401755073656846E-026
   8.5672414016811800E-027
   1.3610155932317050E-027
   4.4799670321968375E-029
   3.3718265922376895E-030
   2.3244697946745574E-030
   1.3530890359488421E-031
   1.1222016594714919E-031
   4.0043576287738887E-032
   4.6054998794447330E-031
   3.9581045745308652E-031
   1.5934063217478780E-031
   4.7327017500744670E-032
   8.7823356848297838E-032
   9.8827087251764976E-032
   3.6061274775455372E-031
   7.5527853765490827E-032
   5.2511932018949894E-031
   1.0544701528936560E-031
   3.8708799684250778E-031
   3.3124570379849838E-031
   2.0673809400632983E-031
   1.5954140972095210E-031
   8.9693882468084176E-030
   2.5574551010307518E-031
   2.0463053076969127E-031
   2.8956942432200151E-032
   4.4465987755409673E-031
   4.7217466745317340E-005
   3.3020351303874240E-003
   5.0478110243001790E-006
   1.7263670606132968E-007
   3.1657558022394827E-009
   1.9630305036589419E-009
   7.8737948001831226E-011
   1.5955981603859318E-010
   9.5546196711553186E-011
   1.6523027992905219E-011
   1.9155274926108717E-012
   7.3421906313437741E-013
   5.2243292795325234E-014
   1.2239093772521934E-014
   2.1851585567761229E-015
   7.1016655342257149E-017
   4.5518752097319926E-017
   9.5941967954854803E-018
   6.5386708301627694E-019
   1.6965273501854583E-019
   9.3307126851776907E-021
   2.9719727115606926E-021
   2.0720187924636022E-022
   1.1384008937902448E-023
   2.2336446263761878E-024
   1.2770841738710752E-025
   1.6352817633570904E-026
   2.9413561632821853E-027
   6.8758179553604428E-029
   6.0008719871832827E-030
   3.4604123428589291E-030
   4.4209763320004853E-031
   3.6306910850680172E-032
   6.2039831902330702E-032
   6.4823693223061962E-031
   2.1863881030570469E-032
   3.0774101093099326E-031
   2.1629562515510377E-031
   1.8313643877702122E-031
   5.0897395326006407E-032
   1.5998815666617032E-031
   2.2017170712949290E-032
   1.5914486144838143E-030
   1.2178934683600380E-031
   5.3693405457015517E-031
   3.7682519408626542E-032
   2.6968800771112225E-031
   7.5090927022134810E-032
   2.6170594108090994E-030
   2.4986567557371711E-031
   1.2274570723052234E-031
   1.0022104625298816E-003
   2.3592640819120425E-003
   4.0191164329128926E-006
   9.5935485282066022E-008
   1.1646781200754666E-008
   2.6681744133136891E-009
   7.0585580248653184E-011
   6.8883262335976880E-011
   4.9549355362164018E-011
   1.0380076948476673E-011
   1.2588928375400426E-012
   2.7015371933256982E-013
   4.3487926079863319E-014
   4.5559813258149404E-015
   7.8146208432111175E-016
   4.2572625717180070E-017
   2.0519535352403908E-017
   4.2746066487116741E-018
   6.5196535098841979E-019
   1.6120540131037611E-019
   7.5966363065398372E-021
   2.2790904033205934E-021
   1.6430654797459932E-022
   1.4065165263466852E-023
   3.1918192418109048E-024
   1.5931396060458603E-025
   1.6260330294735330E-026
   3.4331871297920618E-027
   5.6906094132639371E-029
   1.8388307086136201E-029
   1.0039968045949288E-029
   8.7050716436773108E-031
   2.9873154853283168E-031
   1.5315967843725231E-031
   2.6316484992608742E-031
   1.3779324948419323E-031
   8.0389440434201482E-031
   1.3023038977715060E-032
   6.8463062993030892E-031
   3.4758432354539011E-032
   3.0109503855209003E-031
   3.1688995613062159E-031
   7.1883086372307741E-031
   2.7294763138527851E-032
   2.0467789872244655E-031
   1.1678234387465289E-031
   1.7884087363773158E-032
   2.4769277888675205E-031
   7.5705231981995089E-030
   3.8595028582939328E-005
   1.8863615196009851E-003
   4.3938973960424503E-006
   1.0579734493120601E-007
   4.2344782238875567E-009
   4.7315427079842127E-010
   9.5699205523785977E-011
   5.2470487678755546E-011
   2.9694198981167585E-011
   8.4711306396791937E-012
   6.4653140380099714E-013
   2.0018693994453276E-013
   3.1960686271180583E-014
   2.1956886570795247E-015
   5.0856345567725114E-016
   4.8503942853935360E-017
   8.6778848515542890E-018
   2.0112362192115527E-018
   5.6055292285815383E-019
   1.0989538285001395E-019
   6.2071012879906373E-021
   1.0124937607690319E-021
   8.4754772844508999E-023
   1.2514036069606287E-023
   3.3367871491703420E-024
   2.3165353797318411E-025
   7.7426610019602071E-027
   1.8443566413726948E-027
   1.0280325164887998E-028
   5.5974383299500570E-029
   1.2976919433028393E-029
   1.1827916464890225E-030
   2.0013892985145660E-031
   5.6573745596573506E-032
   7.7830866252732172E-031
   1.3577718789937521E-031
   1.9460977301766505E-030
   2.3109560319862799E-032
   5.3843631166923434E-031
   2.1941341217306745E-032
   2.7219978166479981E-031
   3.6151708309960862E-032
   6.7384189590138188E-031
   2.7476606749272516E-032
   6.1386234061597964E-031
   9.6586399379879317E-032
   4.9641535826282439E-032
   2.9145996138329867E-003
   1.9351660398833602E-003
   4.6889553714672116E-006
   1.2585479475011987E-007
   9.4329280736831755E-009
   4.4270220543172005E-010
   7.4603838147795205E-011
   1.8430874557386201E-011
   1.6409259096113811E-011
   3.3540733201881014E-012
   4.4358945385731712E-013
   1.8820539858875351E-013
   2.0013876910923694E-014
   1.5460208728186955E-015
   4.7528532213869905E-016
   4.9191293260942599E-017
   6.5891691033062667E-018
   1.7423018508746322E-018
   3.7789625288134236E-019
   6.5593298352931315E-020
   5.6109831645375881E-021
   3.3475853777398124E-022
   4.1534051469694591E-023
   9.8939780146837730E-024
   3.2704858125998317E-024
   4.4976132498350818E-025
   1.2960079050155293E-026
   9.0189145230507428E-028
   3.8842568885880841E-028
   9.0590526352541278E-029
   1.2376881498849748E-029
   2.9183416356948442E-030
   5.6780551350148194E-031
   9.6550089445539893E-033
   3.3812495304939816E-031
   1.4871492941902762E-031
   1.4235352649411526E-030
   1.0581799458415719E-031
   4.5770966482465596E-031
   1.3172085704699472E-032
   1.4619054728389815E-031
   1.6053110661337488E-031
   1.1748724970036122E-030
   2.6146989305075161E-031
   9.1723731383714213E-031
   3.4020115507886595E-003
   1.4293450529614590E-003
   4.0446385903231006E-006
   7.2775178015785125E-008
   2.1692662652806787E-010
   1.0255132457830025E-009
   5.3902801346312330E-011
   8.9620451569901043E-012
   1.1099173887406213E-011
   2.9469786707171991E-012
   3.9335312797610502E-013
   7.5247510189911813E-014
   1.4258377409162279E-014
   1.3120374290263948E-015
   4.4925046357345275E-016
   4.8686279157038221E-017
   6.2957718999564491E-018
   1.3597718034291248E-018
   2.2967827159080372E-019
   4.5494535232058064E-020
   4.5300569627240268E-021
   2.6134389244085865E-022
   2.8068571084478556E-023
   8.9916562672149425E-024
   3.4991650175212103E-024
   6.3598025261844704E-025
   3.0611843138100903E-026
   1.7083813794651139E-027
   6.2110438996060608E-028
   1.1240148823626392E-028
   1.6597870488763267E-029
   2.1489717598954590E-030
   1.0406299669595034E-030
   1.6165753854440192E-031
   5.9832332101683052E-031
   2.1506549621988960E-031
   4.6794043807846020E-031
   6.1502552415109406E-032
   2.3808928694726270E-031
   1.0582299868140577E-031
   2.6919274033729201E-031
   2.6483872140720681E-032
   8.1802950292625773E-032
   1.8160556224506937E-003
   1.1889180023864074E-003
   1.6025338854434050E-006
   6.1844412995218683E-008
   8.3103605910177620E-010
   4.9666838763601016E-010
   9.1426171624485963E-012
   6.7773024122412533E-012
   7.2150142339018819E-012
   2.3331821123043017E-012
   1.4278303751875137E-013
   4.7999799506638849E-014
   1.7885336970990807E-014
   1.8180300659750436E-015
   3.0773045871536380E-016
   3.5144126844315995E-017
   3.6946479253308717E-018
   6.1716113549838836E-019
   1.4484532200847444E-019
   3.4626535835670422E-020
   3.3320093565560995E-021
   2.7299471974612119E-022
   1.9067032154277829E-023
   8.0774795836360713E-024
   3.1915939572976253E-024
   5.3032620720839123E-025
   3.2569621411516589E-026
   1.6780093213651166E-027
   4.0635783557339238E-028
   5.9933002298712159E-029
   9.8780483390406140E-030
   2.5593314678958068E-030
   1.9989549817891906E-031
   6.6021976900070154E-032
   3.4688820428236395E-031
   3.0714894639240149E-031
   2.6234643924924246E-030
   1.0144230939289591E-031
   4.7597974707927868E-031
   1.8306560525644610E-031
   3.0950768736511938E-031
   2.2119192320318177E-003
   7.8449142586120404E-004
   7.9671859051060210E-007
   1.6341861336184369E-008
   3.4994822011682198E-010
   6.8753090033248387E-011
   2.3756422735768914E-011
   8.8078082319539632E-013
   3.1458175444597680E-012
   4.9559830902337829E-013
   1.6595437042261563E-013
   6.5035158329718090E-014
   8.3349862660239555E-015
   1.0554465986251982E-015
   1.9858563338964172E-016
   4.1028244808357304E-017
   2.4956989958144842E-018
   2.6229502041564858E-019
   9.9994739399346280E-020
   2.2996639057689499E-020
   2.3617946670064507E-021
   1.9152102716426217E-022
   1.1182930962840216E-023
   5.6068881658975762E-024
   2.2107062639565562E-024
   3.2241456753018474E-025
   2.5358394324326019E-026
   1.1374810747480681E-027
   1.4833451222903808E-028
   3.2751740052610194E-029
   1.1216279614992495E-029
   1.4706199384477070E-030
   7.2691359927385175E-031
   1.4563136961168643E-031
   3.4090290506268337E-031
   1.0340963227344946E-031
   1.1169672195355063E-030
   1.0971516007455515E-031
   4.3813258189339841E-031
   5.4636905159350420E-004
   7.5151213787725499E-004
   4.2442770596459836E-006
   3.2486102573702844E-008
   2.0969182888206390E-009
   2.4142838444315022E-010
   3.1267354269435268E-011
   2.7460734785371024E-012
   1.7270768760776544E-012
   7.3324541374878782E-013
   7.8343253675964633E-014
   1.1069566307692500E-014
   6.2760080404371621E-015
   1.0056510378748538E-015
   2.8938050894712486E-016
   3.7628648453446081E-017
   3.0944616554611173E-018
   2.8447476288448827E-019
   5.9310710818621279E-020
   1.3434617388875956E-020
   1.6787122621708144E-021
   1.2287752981268476E-022
   7.8073683324617269E-024
   3.4339302058411509E-024
   1.4472280092716225E-024
   2.4871930891702663E-025
   2.3788063389101053E-026
   1.4755700942877137E-027
   7.5577553923416163E-029
   1.7696416862862907E-029
   3.3313329778836351E-030
   3.9434003182392292E-031
   3.2803187641872116E-031
   5.6403521346948695E-032
   2.5593284664566607E-031
   4.3038727479327932E-032
   3.7050721966554740E-031
   2.0163468551572086E-003
   7.0268072398669190E-004
   1.0782523792845264E-006
   2.5227555655300380E-008
   1.6323004590764869E-009
   3.2804654995824025E-010
   5.0900880192981841E-012
   5.3245275938422276E-013
   7.6390639254338648E-013
   6.7739359258653149E-013
   7.3427050676333918E-014
   2.3397732007093426E-014
   7.0350048813044808E-015
   9.8768323448611675E-016
   1.4817213480119138E-016
   2.0867884392816807E-017
   1.4725156463612842E-018
   8.5576629028779312E-020
   2.1573889825454304E-020
   7.4412936325879064E-021
   1.0501947665342595E-021
   8.9893992269236840E-023
   6.7949831861378920E-024
   2.3830030839180649E-024
   1.0786909826954314E-024
   2.2139943306121221E-025
   2.1038500011367569E-026
   1.5087559399945136E-027
   7.9594602779249772E-029
   9.1958870490475046E-030
   8.8389545921623274E-030
   3.5268640169191294E-031
   4.2323321948699038E-031
   4.8860964819179502E-032
   1.1126299747664963E-031
   4.7139687316334031E-004
   4.5898097161288591E-004
   8.7563739869287609E-007
   1.8256160905355177E-009
   4.3098613438943749E-010
   4.8911920005519693E-011
   7.0632263999562861E-012
   2.1621523913827150E-012
   7.1113586461259359E-013
   1.2481384009101206E-013
   2.3473550261897396E-014
   8.2521588544875399E-015
   1.4290453914458188E-015
   4.4162731001346653E-016
   1.1392061239382729E-016
   2.6595251846477588E-017
   1.5275415828657199E-018
   7.1085170425600186E-020
   1.5752929132626550E-020
   4.7410247158577414E-021
   6.0604663638096525E-022
   7.0118453857434959E-023
   5.1800746593760314E-024
   1.8361755206203267E-024
   7.8221884634062366E-025
   1.4646980460307857E-025
   1.3154701556684971E-026
   8.1890557319324060E-028
   2.8445010938718038E-029
   4.0775279110064764E-030
   1.8075349257948428E-030
   1.9471817273878756E-031
   1.4962559818179210E-031
   6.5009982857324333E-004
   4.3278472833444068E-004
   6.6677135121224760E-007
   4.7743550677328725E-009
   6.1201947754235082E-010
   3.4815525750332044E-011
   1.9824894017302974E-011
   2.0384394547770999E-012
   1.8000090077495246E-012
   6.1615407852011783E-013
   6.3567185840153551E-014
   4.0172216707611872E-015
   2.3246329727615027E-015
   4.7454747762935741E-016
   1.1745246609368016E-016
   1.3686869937255377E-017
   1.1260097297236853E-018
   4.5743130316643787E-020
   1.0156300262358517E-020
   3.1001387676453103E-021
   4.4390519197598319E-022
   5.0826243249253658E-023
   4.0422325070477942E-024
   1.1850386850572439E-024
   4.1047249200467153E-025
   6.2577870397919995E-026
   5.8431714256124687E-027
   2.7447359144245271E-028
   1.4766456998484765E-029
   7.5809380617500866E-031
   1.0998213199880000E-030
   2.9828077237792954E-004
   3.1446361737412931E-004
   2.1023799111191117E-007
   1.6331372525261012E-009
   8.0096564073780225E-011
   4.1405164695390813E-011
   8.4073018624840969E-012
   5.1584202162875892E-012
   1.1452535474233208E-012
   2.4673850801843726E-013
   1.4016807463206227E-014
   3.8482715016119782E-015
   9.5751789335447750E-016
   2.2058143228104732E-016
   3.6681112129229647E-017
   9.0660950254466481E-018
   5.7555324500116676E-019
   2.2183953367207452E-020
   2.5663195975011317E-021
   1.3378661088138482E-021
   2.3011853115395580E-022
   2.3209570291870687E-023
   2.2447258209902170E-024
   4.7150523116772689E-025
   1.6968117512730818E-025
   2.9213563351080523E-026
   3.1292384476783228E-027
   1.8935798756939981E-028
   1.0589278920051286E-029
   1.8003683216003584E-004
   2.6498941639720157E-004
   2.5671262820483398E-007
   2.2999419938287158E-009
   6.1555010440260327E-010
   8.4334042842633252E-011
   2.3446817464043241E-011
   2.3888830948478614E-012
   1.3343018748537179E-012
   2.0272109466999559E-013
   2.4238649216929522E-014
   1.8043498556673217E-015
   2.5390110919039022E-016
   1.2739491480962428E-016
   4.4134449431411014E-017
   9.0150181227048254E-018
   5.6048349028458002E-019
   2.5204050815747681E-020
   2.1933825972030458E-021
   8.1940649748162269E-022
   1.1047686393528922E-022
   1.6736319353881619E-023
   1.5421841839397206E-024
   2.7534622770771700E-025
   8.2241937140462227E-026
   1.4800710436065014E-026
   8.9671524285732502E-028
   1.1359427640744699E-004
   2.2461304209798389E-004
   1.8245915066229379E-007
   2.3712896367042866E-009
   2.0171999830121208E-010
   7.8514520830146930E-011
   7.3767763004772373E-012
   1.8515370060719818E-012
   4.5356671177384680E-013
   1.2910514042815016E-013
   1.6039819700635132E-014
   1.1206129078430418E-015
   4.2263310852588063E-016
   1.0275516276604046E-016
   2.2727498954937690E-017
   2.5710424030833545E-018
   2.2694805934241717E-019
   5.2622804388941198E-021
   2.2288332275928049E-021
   6.0762688268059701E-022
   8.3289418924321339E-023
   9.2222886591876989E-024
   5.7386669919768929E-025
   9.0402097307946327E-026
   2.2026091705617183E-026
   8.4760859196666622E-005
   1.9734586419049926E-004
   1.0196462455874711E-007
   3.2284570393694159E-010
   6.3117653106752272E-010
   7.8122453071862150E-011
   1.3011493088549293E-011
   3.6029068870941727E-013
   8.7737994471696119E-014
   2.2828372218649458E-014
   1.9230945865338910E-015
   7.2422372708157319E-016
   4.4279994531402629E-017
   2.4806958381242294E-017
   8.3542950958761217E-018
   2.9698221163844689E-018
   1.6248546665473884E-019
   1.1622761878727281E-020
   6.0817076771191081E-022
   2.0588896123524725E-022
   1.8588469538323702E-023
   1.1782437333358156E-024
   6.1330242487622098E-026
   6.4775342497526642E-005
   1.7068245977907774E-004
   7.3748758016843734E-008
   1.0528903578969233E-009
   1.2684479427439954E-010
   3.6350946993550162E-011
   2.2409950386567283E-012
   3.6263739929357310E-013
   9.9908460972191691E-014
   4.6949457491456741E-014
   9.5214093597416056E-015
   6.3043564309140132E-016
   5.7741266579460637E-017
   2.8350389388170534E-017
   9.0465550939590393E-018
   1.0794589222803057E-018
   5.7522730770534984E-020
   1.4639839142527034E-021
   5.9716000385118617E-022
   9.2262920258202019E-023
   7.3222003142877856E-024
   4.9762922018020159E-005
   1.5072527726134799E-004
   6.9107898547112576E-008
   2.6894503250168778E-010
   2.4464078230014867E-010
   1.8293149025729996E-011
   2.3378709740772976E-012
   3.8491984772346388E-014
   6.8710605264406261E-014
   2.9084823996568039E-014
   2.1509956801610337E-015
   1.0935350730510656E-016
   3.2460475249963618E-017
   7.8034114345348975E-018
   1.4030693103632315E-018
   3.1746869898378649E-019
   1.7018881503278013E-020
   2.3593010612029648E-021
   7.2505557568455004E-023
   3.7091263626468951E-005
   1.3369315828321500E-004
   4.6991558678888481E-008
   2.3811329610956689E-010
   1.9551213234278769E-011
   1.4733741065059791E-012
   1.9682244838821749E-013
   2.4669577257423860E-013
   6.6492763743058623E-014
   1.8354566958742087E-014
   1.9632703897045239E-015
   2.8009190394607613E-016
   5.6572599420020850E-018
   2.3582638950668047E-018
   1.0100840143463712E-018
   1.3805711654053048E-019
   1.3232142384623713E-021
   2.8337897160853478E-005
   1.1977313545808093E-004
   4.7270283548020497E-008
   6.2118681072406767E-011
   2.4863769782288130E-011
   1.1086223347845499E-012
   2.3825099193061949E-013
   3.7535664468384020E-014
   4.4215508491423456E-014
   9.0848808588153283E-015
   9.6856724870008719E-016
   1.6620598270799505E-017
   3.8842347906015418E-018
   1.0661690842849416E-018
   3.5889393676873045E-020
   2.1854566380656024E-005
   1.0773455676843748E-004
   3.9236359109702201E-008
   1.2491584168016210E-010
   7.2915554696053198E-012
   1.3799338308768188E-012
   1.4062636907920694E-013
   7.0935134676844509E-014
   9.3663167330975856E-015
   2.1352833658104031E-015
   7.6085349270377689E-017
   3.6685610395807156E-017
   8.3139546666105879E-019
   1.7113089108493254E-005
   9.7698163777876204E-005
   3.1912597194359305E-008
   6.3998311544661304E-011
   3.7473046355968713E-012
   3.5365437902718817E-013
   4.1601237075166688E-014
   4.5827730884901943E-015
   5.1666535770729833E-015
   4.3925404837038426E-016
   4.5049524457126626E-017
   1.3406180155432188E-005
   8.8984526632941776E-005
   2.7848079616089914E-008
   5.8024588511012762E-011
   7.0902405058718090E-013
   1.3051167743631018E-013
   1.4894373375039105E-014
   4.1082135278804568E-015
   7.6697509759089559E-017
   1.0641364629873842E-005
   8.1422761497439193E-005
   2.2839938263623809E-008
   4.8097988061259747E-011
   1.4425675126676625E-012
   2.0059333767979051E-013
   1.5180503723266119E-015
   8.4824573258635443E-006
   7.4909901033599162E-005
   1.9595737220403876E-008
   4.1290787347537448E-011
   6.0688133032418312E-013
   6.7901448599803533E-006
   6.9191924968983027E-005
   1.6731237818758231E-008
   5.4021221347845829E-006
   6.8542735959793770E-005
   3.9588328010063778E-011
   4.3713987390991207E-014
   7.8401114565366932E-016
   6.5243893459898779E-017
   7.8845058219982977E-018
   1.9817659779209059E-020
   4.1291231604577092E-021
   3.2891334114051975E-022
   5.7993523035578516E-023
   1.2785630528625849E-024
   2.0520193949232972E-026
   5.7839015492349501E-027
   1.2432755047455843E-028
   3.4945328133938869E-031
   2.3677757933222674E-031
   4.4975543155441846E-032
   1.9908281146059883E-031
   7.6068317760971604E-032
   7.6496230196557295E-032
   1.3395976395424070E-032
   8.4742856347770772E-032
   6.4062061827226513E-032
   8.6886112346030693E-032
   1.5881773717479915E-031
   2.6845139351960086E-032
   1.1696294419569850E-032
   1.6240937648180598E-031
   1.0221256637231217E-032
   9.1902362389828411E-032
   3.9474100228738646E-031
   5.2156740537419024E-032
