   8.8047202118255150E-007
    4.895210492737471     
    29.62674663705225     
    1.206216728258796     
    8.826248851227987     
   0.4517211182349822     
    3.408977667229907     
   0.1873712043322771     
    1.423500229688190     
   7.9561366305490875E-002
   0.6042599625443382     
   3.3463579373618262E-002
   0.2533666545367415     
   1.3703261691910140E-002
   0.1032859937705421     
   5.4073031295770582E-003
   4.0537396038362159E-002
   2.0423137356183481E-003
   1.5218594679979778E-002
   7.3488651466967712E-004
   5.4402393862974927E-003
   2.5107049907816483E-004
   1.8455834723533149E-003
   8.1232726905515324E-005
   5.9267846854568864E-004
   2.4840484056988701E-005
   1.7980794431536817E-004
   7.1671438160697001E-006
   5.1460885368106641E-005
   1.9426076470002048E-006
   1.3837314482663974E-005
   5.0726390577670806E-007
   3.4158048927812033E-006
   5.4084972363976291E-006
   1.3901755369055873E-003
   2.7601769097865594E-002
   8.2387013794030555E-002
   3.2051355193026980E-002
   7.8011765150816768E-002
   4.0019465256120377E-002
   4.3855394915574379E-002
   2.6753359529101561E-002
   3.2159792474031712E-003
   3.3341094919480909E-002
   2.7070585867491292E-002
   2.5732130471983905E-002
   4.0670698193115795E-011
   9.5539250788743839E-013
   6.1898280313739988E-012
   1.3778886020036285E-013
   8.8203342622128496E-013
   1.8605974323859673E-014
   1.1764433653657858E-013
   2.3516634574154578E-015
   1.4683108322142912E-014
   2.7814476111748987E-016
   1.7144203892326280E-015
   3.0777234085480232E-017
   1.8722171762613071E-016
   3.1821231501227039E-018
   1.9093254096554313E-017
   2.9512735499603009E-019
   1.7388990396936086E-018
   7.5136135945889579E-006
    24.39434449128317     
   0.1881172947767317     
    6.447377664646031     
   0.2840640953271043     
    2.016762657834053     
   0.4868011617311911     
   0.6532034375557285     
   0.5146435301134439     
   0.2067363531813403     
   0.4153585583408537     
   6.1795465983015161E-002
   0.2812342105371127     
   1.6957377273466401E-002
   0.1669382089187610     
   4.1342976034448755E-003
   8.8897045277870337E-002
   8.5142850639963115E-004
   4.3031899239252889E-002
   1.3366961055047213E-004
   1.9088772444169033E-002
   1.1801377309336278E-005
   7.8003939461217140E-003
   2.1820378081923444E-008
   2.9467892906267492E-003
   7.6384563008763395E-007
   1.0315266273014017E-003
   9.1235832279160896E-007
   3.3612164303475511E-004
   6.3986314953131096E-007
   9.7443486184948753E-005
   3.6615340326534342E-005
   5.7801680972118961E-004
   5.0657852635947664E-002
   4.2955083432969801E-002
   3.6486189147251045E-002
   3.5731823972730501E-004
   1.6952051238040811E-002
   2.6523871444586851E-002
   3.1767413519205596E-002
   2.5861790499504012E-002
   1.2791452698070425E-002
   1.7453176441561880E-002
   2.8792433348016417E-002
   1.0332512666924920E-003
   1.6035271149124252E-006
   5.4427871469970235E-010
   3.0390041187865924E-012
   8.7153409556231249E-011
   4.9377227568496691E-013
   1.3017832758573240E-011
   7.4247944900456009E-014
   1.8138667877494473E-012
   1.0346831906625193E-014
   2.3577531189740712E-013
   1.3377270061412818E-015
   2.8590557483488865E-014
   1.6047853610963654E-016
   3.2319404110866956E-015
   1.7005285747824919E-017
   3.2845089682851434E-016
   1.5419044379433373E-005
    6.502435903544359     
   7.5818838754470637E-002
    1.300171808994300     
   0.4397583499208401     
   0.1467334712411560     
   0.4201792438086082     
   4.5019514853620493E-004
   0.2605867434722640     
   1.5411349223094200E-002
   0.1224150511880728     
   2.5375445191510533E-002
   4.4663756492316251E-002
   2.0928504228871199E-002
   1.2057873518698274E-002
   1.2750863154286169E-002
   1.9787296269117851E-003
   6.4257068541089239E-003
   6.0661740834628581E-005
   2.8095159706342905E-003
   8.7021523471270061E-005
   1.0918665055719165E-003
   2.1704896587667339E-004
   3.8209406195065139E-004
   2.0109022932605134E-004
   1.2077843591921551E-004
   1.2657321729867854E-004
   3.5979174573746171E-005
   7.8967593737080453E-005
   1.8854346555756063E-004
   1.3533928930948516E-003
   5.4613811140987565E-002
   2.5843416552994447E-002
   2.7170024353633226E-002
   2.5141098458001432E-002
   4.0312465432547633E-002
   3.8800564676687138E-002
   3.0620495094421289E-002
   5.9018967615413125E-002
   5.5536778972354250E-002
   3.7361895090995474E-002
   2.6512940405576635E-002
   3.0811817018320840E-005
   1.1270420188628081E-005
   3.8350351127184270E-007
   1.2982351608421872E-009
   5.9914548498010003E-010
   1.0709774276712143E-012
   1.0612376220987207E-010
   1.0572739254543011E-013
   1.7381065201980634E-011
   8.8075219688617850E-015
   2.6353426557381114E-012
   5.7873911202773876E-016
   3.7026810053187411E-013
   2.5217268131948289E-017
   4.8236200715446014E-014
   6.2858395165790277E-019
   5.6824286829306239E-015
   2.4044531318239697E-005
    1.705532901420542     
   0.2509402937528918     
   4.8729676183933455E-004
   0.1791162771427160     
   0.1229405279263892     
   8.1127250315448425E-002
   0.1608918942537097     
   1.8521494235680700E-002
   0.1100385786581956     
   6.6990283655232572E-004
   5.4943801950179232E-002
   1.3313224275269950E-003
   2.1916473181086289E-002
   3.6696027457312379E-003
   7.1528123667324568E-003
   3.6981749194006936E-003
   1.8846992287815977E-003
   2.4718713608416456E-003
   3.7722958454184825E-004
   1.2725013243866918E-003
   4.7494370012769247E-005
   5.3671614236832932E-004
   1.6265935970587977E-006
   1.8574430166120921E-004
   5.0868369854299678E-006
   8.8039778437539269E-005
   3.1106236270371479E-005
   3.6897804575081494E-003
   9.5070205985723817E-002
   5.5043241575373889E-002
   1.5158549826754819E-002
   3.7716371892572598E-002
   9.1913980543624199E-003
   4.3934517709260996E-002
   4.1529818840792210E-002
   5.3085300084764846E-002
   7.7262719688439274E-002
   4.3061133373366909E-002
   2.8740021933336998E-002
   2.3221702366950927E-003
   2.6811851193034917E-005
   4.1867906144763376E-008
   2.3664762040575997E-008
   9.4291444748394344E-010
   4.2861114852292577E-011
   6.4095208679890252E-011
   6.6322143176904440E-012
   1.5368506704805838E-011
   1.0127555212901709E-012
   3.2288616968385764E-012
   1.4201888234549096E-013
   6.0413260028308260E-013
   1.8312727710450851E-014
   1.0175795278758060E-013
   2.1696910227946384E-015
   1.5384136487850764E-014
   3.3294611805560659E-005
   0.1656562586181840     
   1.9583144835007682E-002
   0.3977093362573243     
   1.5561994311916603E-002
   0.3203289023870799     
   1.2571051972467540E-004
   0.1555224203549482     
   4.5278078481871145E-003
   5.3228147525134659E-002
   9.3688420284490093E-003
   1.2722442457298353E-002
   8.4401288487287793E-003
   1.7411742474139831E-003
   5.0109576458642158E-003
   3.2189377358819717E-005
   2.2017495644602225E-003
   7.4664722877604675E-005
   7.3625636886782706E-004
   1.3411561790215898E-004
   1.8257752235215623E-004
   9.5478204902587489E-005
   2.5976972175432493E-005
   6.0426080257948005E-005
   6.6906912635324565E-005
   6.1583654373268990E-004
   8.4910411702250244E-003
   9.1075083003297745E-003
   4.3234685280556349E-002
   4.6078626008049914E-002
   2.8600036966972397E-002
   1.5993587856159319E-002
   3.0594865647367331E-002
   1.8183256962491928E-002
   6.7069928848544302E-002
   3.3335812427845668E-002
   1.5170228575681950E-002
   1.9767598536964568E-002
   1.4930557210002391E-003
   5.9003171859001826E-005
   4.3633653752156150E-006
   1.0950621527905173E-007
   2.0390676565328816E-010
   1.1064710176253156E-010
   3.0746398519562277E-011
   1.7362741757125049E-012
   2.4621682358390751E-012
   5.7328835235163869E-013
   1.2393075313379940E-013
   1.4422559861154014E-013
   6.2855208017114190E-017
   2.9951465524434045E-014
   2.7560582304944332E-015
   5.3175178840057615E-015
   1.7951669431468962E-015
   4.3178094891915997E-005
   0.5235745108820142     
   7.8924461407850908E-003
   0.4412840688233268     
   1.0525291176569516E-003
   0.1613224232499641     
   8.5407939279422695E-003
   3.4432671533286010E-002
   1.0728978171055075E-002
   2.7990055467620820E-003
   7.1159854960050080E-003
   1.2175454737997917E-004
   3.0481826826586156E-003
   1.0217263935324095E-003
   8.6478352330243702E-004
   9.8960099465812252E-004
   1.3537826698177073E-004
   5.5137123180361733E-004
   4.0777193411199075E-006
   2.2698470587553294E-004
   1.2004222590404607E-005
   8.4801215123643452E-005
   1.5336594297130026E-005
   4.4406800668994908E-004
   9.3479630973759420E-003
   8.4251649433730549E-002
   2.4677877615783537E-002
   4.5687416943630161E-002
   4.2213943129009905E-002
   9.5386011780026934E-002
   2.2006256450068911E-002
   3.1901106264385781E-002
   6.6146194195487906E-003
   2.1314002875449543E-002
   1.8956980232679431E-002
   2.1297855440834716E-002
   7.3120268249661162E-003
   6.0790995585283882E-005
   5.2264649446436682E-006
   4.1015431289926436E-007
   2.8406427405367705E-008
   9.3904820968575944E-010
   3.3042264516454720E-012
   8.4628588596605496E-012
   2.3083666600955297E-012
   1.0688374928775513E-012
   6.9478071853559031E-013
   1.2424918998584549E-013
   1.5415188252143189E-013
   1.0795938216379335E-014
   2.6506585780119281E-014
   5.5511768250636599E-016
   3.5932342554602412E-015
   5.3742371621140483E-005
   0.7910785268898969     
   3.8311671412092396E-003
   0.1643151083147163     
   6.6879024887438687E-003
   1.7896378593941176E-002
   7.4380155913049162E-003
   4.1329796841954085E-005
   4.0915103460750117E-003
   3.2259142883807819E-003
   1.2090591214269499E-003
   3.5471560044465598E-003
   1.4478506036779994E-004
   1.9735826857983536E-003
   2.8175199356699348E-006
   7.5330055743249700E-004
   4.5084905610776111E-005
   2.0176285448063327E-004
   6.5863677662341136E-005
   2.6761264190124781E-005
   3.0202309144285824E-004
   3.0408660011537818E-004
   1.4887990475040476E-003
   4.5654596064846480E-002
   4.1183487949121353E-002
   0.1203575539704672     
   3.3789202816511912E-002
   8.7014372357763019E-002
   3.8915838759201007E-002
   2.9924259338721981E-002
   1.5261825550944854E-002
   5.7777099624445238E-002
   6.4155220659748657E-002
   3.4945754059825740E-002
   6.2719210113753077E-003
   1.1721618205202509E-004
   3.4261599819609052E-005
   6.1845360997917362E-007
   5.5848397478637635E-008
   4.8955681507691668E-009
   3.0974839221846286E-010
   1.0526235428800523E-011
   4.9308757089096718E-012
   3.2547207469059924E-014
   6.8188738846549235E-013
   4.6646176378822792E-015
   7.3643954547485553E-014
   5.3834298488237495E-015
   5.1545103647209967E-015
   1.8081542764121451E-015
   1.1925711464345690E-016
   6.5040533962468210E-005
   0.1325076176125290     
   6.9679291439806512E-004
   8.4226523498509245E-003
   3.5039026809406759E-003
   3.0796715496790887E-003
   1.8692933362362453E-003
   8.3863063647044314E-003
   3.1186689390530313E-004
   5.8190037351031130E-003
   1.6723284915883925E-006
   2.3004765432541276E-003
   8.3464489887878592E-005
   5.7450440118260175E-004
   8.5814459583214777E-005
   6.3698112328865255E-005
   8.2668398778285077E-005
   1.0456282292913661E-004
   4.1618687598217470E-004
   1.6459253434192600E-004
   1.8263644596195084E-002
   2.4211849436396089E-002
   0.1031776302594764     
   3.2025246271165928E-002
   1.6588650195106927E-002
   6.7573689423143355E-002
   2.7974618542801757E-002
   5.8893388907279789E-002
   2.4513919583086077E-002
   1.3191754345560114E-002
   1.2951916141902005E-002
   1.2269741695108958E-002
   1.0187470036763362E-002
   2.4679877948312439E-004
   4.3744349971361292E-005
   1.8221316960892487E-006
   4.8992581542092450E-007
   1.0468244971477803E-008
   8.4056185090009450E-010
   8.5304056160187098E-011
   8.0328341297886965E-012
   6.3021071680006262E-013
   7.1345896490429457E-014
   1.3748277427595990E-013
   3.3772883134790233E-017
   2.4735159817655132E-014
   1.3621103991790862E-015
   3.2908693240168607E-015
   7.4151206897603119E-016
   7.7094707716076094E-005
   1.8733831668843806E-002
   2.5758247864068684E-003
   8.8211389871144732E-003
   8.2224426192862623E-004
   1.3960948784329228E-002
   5.6188083113806089E-005
   7.2994624163520641E-003
   4.1286018675792651E-005
   2.1736615322222681E-003
   1.3930253295953121E-004
   3.8712287296137564E-004
   9.0032234812631611E-005
   8.3878253769519411E-005
   2.2312035869869504E-004
   4.0648823682889921E-005
   9.0241525725163640E-004
   1.8802724511471119E-003
   2.2120317093983504E-002
   1.1579331132148416E-002
   2.3636828049263561E-002
   7.0348696085439091E-002
   7.2208382826981108E-003
   1.6244559896083777E-002
   2.1434624103909239E-002
   7.0130388469745668E-002
   2.7429509567148038E-002
   4.7582965369198291E-002
   4.9560188635483380E-002
   4.5160590314112516E-002
   4.1555348555828182E-003
   1.0513747434623002E-004
   9.0084724122706596E-005
   5.1073039668486109E-006
   8.7872158119267709E-007
   4.3272802831401558E-008
   1.0979044927208537E-008
   2.6648245271366031E-010
   2.0661840121089625E-011
   3.2081670981957702E-012
   2.1830009449323433E-013
   1.7488542642229577E-013
   3.2196550752512634E-014
   1.6067752608210295E-014
   7.9809712459124071E-015
   9.3257139161331146E-016
   1.3298006108659977E-015
   8.9830884452891286E-005
   3.0695329091228327E-002
   1.6668361850549425E-004
   1.9065790728789032E-002
   1.2923801139672357E-004
   7.9875316591118253E-003
   1.1749278143740571E-004
   1.8460635912378788E-003
   1.7839516492530492E-004
   1.6242666199811069E-004
   1.7412505821996316E-004
   5.8251397954983206E-005
   1.2896618800847941E-004
   5.8363031950006183E-004
   1.5619031096108604E-003
   1.2080372480298940E-003
   3.9199501207051487E-002
   6.1771409929563026E-002
   2.9507122301105145E-002
   6.4181412614453155E-002
   2.5178060010709973E-002
   2.7414211416746848E-002
   2.6884815183206419E-002
   2.3139285919065240E-002
   2.1301769366431600E-002
   3.9955026522738635E-002
   3.7644937505973863E-002
   6.2974820728935192E-003
   2.2741284456678152E-003
   6.2338378785919524E-004
   4.8760657456455885E-005
   2.7513392336549591E-006
   2.3491074104340526E-006
   1.5916152773766186E-007
   2.6428918618034047E-008
   1.4294945162117569E-009
   3.3210171140552736E-010
   7.5098776600775485E-012
   1.1846868075021320E-012
   1.1185456149072712E-013
   5.3456634535937031E-014
   1.2071778398610551E-015
   7.4958823257225227E-015
   8.9329021357713394E-017
   6.6118759193342527E-016
   1.0294312767290399E-004
   1.6103329373297168E-002
   4.2623089668355352E-004
   9.9327216005825179E-003
   3.4244569207856901E-004
   1.7545192775316332E-003
   3.5976499410349199E-004
   7.2095922077061623E-005
   7.7816134904806420E-005
   9.3535370766412704E-005
   4.3075959031142963E-004
   3.1107332994410268E-004
   5.3056265050345779E-004
   4.5691879795667640E-003
   4.4472600045840034E-002
   3.3031635234761647E-002
   0.1519903650721344     
   4.5987118980248596E-002
   7.7546866678358466E-002
   6.3890997297230960E-002
   4.3753879630501098E-002
   2.8213811187010602E-002
   3.0448951900549153E-002
   3.9142309334585889E-002
   1.9840124627953635E-002
   4.3521870867626902E-002
   1.0992479090820562E-002
   8.6355809217455572E-005
   3.3709575748243168E-005
   2.3044672981231433E-005
   1.6463285963259522E-006
   1.1354521867660832E-007
   9.1064819894535525E-008
   6.5696684088622836E-009
   1.0220988139377740E-009
   5.4573895785798783E-011
   1.2725872299615393E-011
   2.8059868438233138E-013
   4.0551787266463215E-014
   5.9817211348850519E-015
   3.1362962905810265E-015
   1.7220380491925487E-015
   6.0270928243944937E-017
   1.1559256343493121E-004
   1.9076512516568309E-002
   7.6383757875745850E-004
   1.4882338956127907E-003
   1.0158137812939507E-003
   8.5953845416187100E-005
   7.1416132983961056E-004
   2.4850885853065114E-004
   3.0958871303007447E-004
   3.4415952116119612E-004
   3.1092230562138674E-003
   2.5484653925583851E-003
   1.2441316356370156E-002
   9.5817929655556640E-002
   6.0882125990815306E-002
   6.9772452594651870E-002
   1.7806198005058467E-002
   8.7290646683966564E-002
   1.9093685851462229E-002
   5.7110583366816208E-002
   3.4819347354815622E-002
   5.8381667567267845E-002
   3.0594590336539378E-002
   4.6125431247939739E-002
   4.8281321864360560E-003
   1.1827482683235038E-003
   2.7046927789471420E-004
   3.7040752715012717E-006
   1.4836608600090495E-006
   1.2041901919834077E-006
   8.0890658717114388E-008
   5.6240438899507392E-009
   4.4613954272163365E-009
   3.2922124805944724E-010
   5.1318551217361117E-011
   2.5922595789892537E-012
   5.8779600808774690E-013
   3.6052162884357877E-014
   1.3263119961168686E-015
   3.4040662970475211E-015
   8.6261043660823660E-017
   1.2571065560047829E-004
   6.0923446758430995E-004
   1.0257318323998370E-003
   8.4566823736717698E-004
   2.1484489029628353E-003
   2.5030810833360979E-004
   2.6068834119865034E-003
   7.6929270046798450E-004
   1.5922808346683133E-003
   1.5701800562702348E-003
   4.9032655168467141E-002
   3.3741420188260554E-002
   9.0190905554978293E-002
   0.1987695371106828     
   4.0113710432461067E-002
   6.2681544524963044E-002
   5.4586033675111478E-002
   3.0270659999376330E-002
   5.1175436645526018E-002
   1.5682341049383823E-002
   1.7813322102619211E-002
   3.0869923302322420E-002
   3.3763559759943487E-003
   1.5058918757488025E-003
   9.8171171391356395E-005
   7.4212505801772739E-005
   1.5823199574002924E-005
   2.3243689828044438E-007
   9.2431892978473442E-008
   7.9322207774742139E-008
   5.0071426360354065E-009
   3.3889736106737338E-010
   2.7184963336011583E-010
   1.9386865417237127E-011
   2.8435548947506085E-012
   1.9798063004550370E-013
   3.1482842262693387E-014
   3.3514515835533096E-015
   5.2395011145844395E-016
   1.2833174059932566E-004
   3.4938991841117915E-004
   1.9800952293667557E-003
   2.4502608685501968E-003
   5.9260005787463212E-003
   1.1134648315755657E-003
   1.0681727247425052E-002
   2.7169829154804064E-003
   2.4407236271989454E-002
   2.3645405960531294E-002
   4.8628343984728897E-002
   0.1726656782919951     
   8.9619772876823447E-002
   3.5513362309008252E-002
   3.7918391966436231E-002
   5.2632199577109207E-002
   3.2805266004218576E-002
   2.7314416171304341E-002
   2.2149575875177128E-002
   3.8474143206879411E-002
   4.5227652268546716E-003
   1.2816208191002165E-003
   1.5625559557043600E-004
   1.1553447242292574E-004
   6.1357667816148513E-006
   6.2460109927824199E-006
   1.2563932122055688E-006
   1.8330918037436001E-008
   7.1820130970564344E-009
   6.2532198829927896E-009
   3.6977607905802596E-010
   2.9155664515352697E-011
   1.9028988082460060E-011
   1.4093378040237465E-012
   1.8271938969560368E-013
   1.0141655581051783E-014
   2.4230638221297336E-015
   1.1170794353487485E-004
   8.0928999515005664E-004
   3.8860384832911485E-003
   3.8757307350347432E-003
   1.8902134686913875E-002
   2.1402662993057175E-003
   9.3353780796819485E-002
   3.3973097439376518E-002
   7.0390740536807694E-002
   3.3039066876427583E-002
   8.5673519626718768E-002
   0.1118813324145933     
   4.6363998755593343E-003
   0.1111207221478607     
   3.6832332967269847E-002
   5.6195832265459709E-002
   2.6871446196740134E-002
   3.2336972117014149E-002
   1.1441122651420228E-002
   1.5860355260446699E-003
   1.8485359404007252E-004
   1.2249772141961663E-004
   1.5041797261446675E-005
   1.1826136709435309E-005
   5.4980269602896916E-007
   6.3196986455465067E-007
   1.1998798145910607E-007
   1.7255886209403628E-009
   6.5050343793208825E-010
   5.4701093580651232E-010
   3.1502044029478036E-011
   1.9286651187443042E-012
   1.4778511868613751E-012
   1.0418272058190245E-013
   1.5760176814202707E-014
   5.2705926486727659E-005
   2.0148164202478016E-003
   9.9457180930293738E-003
   1.1424006200700001E-002
   0.1340470582678934     
   1.7865776478550391E-002
   9.4979921071171471E-003
   8.4435528394210930E-002
   5.0745178389059866E-002
   1.1199227599655892E-002
   8.5367333192249504E-002
   0.1602590931312831     
   3.4279817776771937E-002
   2.6339748329839106E-002
   0.1408740739668688     
   5.8013241969065978E-002
   4.1816790278235692E-002
   1.4810306641519864E-003
   4.9014265419988625E-004
   1.6890077879628023E-004
   1.9388863680700567E-005
   1.5363727208334814E-005
   1.8406050148294206E-006
   1.4432987279050717E-006
   6.0745926382535824E-008
   7.3566988055626741E-008
   1.3214312543437077E-008
   1.8161281251435630E-010
   6.6678266222563227E-011
   5.6352138893528423E-011
   3.0172044198001950E-012
   1.9905576280526901E-013
   1.3949609409155594E-013
   3.5440443882840205E-005
   3.2370819842688405E-003
   8.2321591394720670E-002
   6.1816842948006077E-002
   5.9865867693791639E-002
   6.7747129149112393E-002
   6.1098621222435314E-002
   1.1936439272573147E-002
   1.1077565811304504E-002
   3.8152262695527117E-002
   3.6840688286915229E-002
   1.6039346903619888E-002
   2.6145590790570692E-002
   3.9256343306430788E-002
   1.6600608080819264E-002
   4.2022433055809936E-003
   2.6168583135611323E-003
   1.8600563821289299E-004
   5.8558165954287471E-005
   2.4256758290154279E-005
   2.7167935859677628E-006
   2.2571916505500309E-006
   2.6216245495810924E-007
   2.0057013517850359E-007
   7.7813846662240991E-009
   9.5785590772960365E-009
   1.6416099992226785E-009
   2.1766945167020828E-011
   7.7422726538241280E-012
   6.3067719833543325E-012
   3.2290011143311617E-013
   1.1633602038233546E-002
   3.2958032694311830E-002
   0.3776992148154126     
   2.5355222893235565E-002
   0.1052073967840176     
   5.9401725555377407E-002
   0.1451068496646564     
   3.8726241725382966E-002
   0.1002847489313302     
   4.8322281505769578E-002
   3.5924349695297115E-002
   1.7361715449211972E-002
   1.1971830311995071E-002
   2.3041796477766399E-003
   8.1654843643148904E-004
   7.0534551186885714E-004
   3.9581592898572548E-004
   3.1598628864508504E-005
   9.5111316339488319E-006
   4.1511868236897236E-006
   4.4807506231789693E-007
   3.7607714920299404E-007
   4.1895922936678538E-008
   3.0976500630141479E-008
   1.1144451250716172E-009
   1.3757452470994680E-009
   2.2335156959069469E-010
   2.8746487186545885E-012
   9.7245626474122187E-013
   0.1293275242569558     
   9.7683260835176036E-002
   6.3699072851370495E-002
   1.6058820274691867E-002
   5.5054932001826797E-002
   3.5199396638904625E-002
   4.2138146032328088E-003
   0.1525168567558181     
   5.1966346357416757E-002
   2.5313979961218367E-002
   3.2036661414015501E-002
   1.9797225640334911E-003
   1.0236136195362318E-003
   3.8822373102217735E-004
   1.3557564044389767E-004
   1.5200214063641202E-004
   7.8234244308500847E-005
   6.3952470898497751E-006
   1.8259783891726503E-006
   7.9738765351164629E-007
   8.2751081514649805E-008
   6.8650469118283199E-008
   7.3382952830670254E-009
   5.2311545834239634E-009
   1.7661826888444610E-010
   2.1525087493875477E-010
   3.3352099409258482E-011
   3.3346656108572725E-003
   4.9075549000989813E-002
   0.1390360374897782     
   5.4040410314698075E-002
   3.0868694027217769E-002
   2.9350864854436374E-002
   8.3295536362402736E-002
   2.7878241475583980E-002
   2.2510594808430784E-002
   2.7817793689315691E-003
   3.1620718048609620E-003
   5.0087731947040961E-004
   2.2705620503648358E-004
   8.9505493305158907E-005
   3.0980633762171883E-005
   3.7552005362924352E-005
   1.7937725787553322E-005
   1.4420878529660337E-006
   3.9277905115978037E-007
   1.6874083829153852E-007
   1.6830555714972451E-008
   1.3600516885825904E-008
   1.3951794220750235E-009
   9.5509692119195417E-010
   3.0327618035818715E-011
   9.4313161314976579E-003
   2.4126494915900785E-002
   8.2170777011294778E-002
   1.7812491894859861E-002
   0.1399139292985172     
   7.2687952359242214E-002
   3.6435909231063439E-002
   1.6256495596152154E-003
   1.7643945641549141E-003
   7.7017145925737047E-004
   8.0092630189283742E-004
   1.5672225930658028E-004
   6.4581551282966139E-005
   2.4493323746400399E-005
   8.2866668468730360E-006
   1.0224604738325485E-005
   4.5561447674987479E-006
   3.5611285254847678E-007
   9.2394785477348051E-008
   3.8624369669007619E-008
   3.6843057422708716E-009
   2.9014784457271343E-009
   2.8442729775034724E-010
   1.4420815535464087E-002
   0.2859899241228124     
   4.4828609877457559E-002
   2.1999446105688967E-002
   2.0007402017623859E-003
   1.2916378657629468E-002
   6.5427721959616258E-003
   3.7971709853065425E-004
   4.5538103103473171E-004
   2.7311610109998568E-004
   2.6200909381352178E-004
   5.5017966466567660E-005
   2.0848348768285634E-005
   7.4530815312536403E-006
   2.4498711001422753E-006
   2.9990647803632037E-006
   1.2530899407265528E-006
   9.4664704906695629E-008
   2.3357739269487112E-008
   9.4301372397539378E-009
   8.6280942536582685E-010
   3.3844914745289967E-002
   2.3043466482580781E-002
   3.0820072913187464E-002
   6.1377580779461312E-003
   3.2884667537951096E-003
   4.8802264810362548E-003
   2.4628204235024498E-003
   1.3415024028940492E-004
   1.6281776024108918E-004
   1.0897710132772129E-004
   9.7462105455201602E-005
   2.0821321049001877E-005
   7.3250466299334018E-006
   2.4586443344820936E-006
   7.8149433770340533E-007
   9.3538334269488921E-007
   3.6782409186389802E-007
   2.6671578666679050E-008
   6.2840855534276443E-009
   2.6324552593185366E-002
   2.1043412083405624E-003
   7.9114597828859567E-003
   3.1403020749123636E-003
   2.0973711847968608E-003
   2.2947633570257766E-003
   1.1307066164107606E-003
   5.6781979464166943E-005
   6.7807491857405511E-005
   4.7087300997631063E-005
   3.9389378750173783E-005
   8.3508915138123729E-006
   2.7414373551635594E-006
   8.6538753502134487E-007
   2.6472263853094224E-007
   3.0773114044942895E-007
   1.1415753496273424E-007
   2.9044260786918263E-003
   1.6238974120463325E-003
   4.0157843504607484E-003
   1.8838919718679092E-003
   1.3151651421050248E-003
   1.2104411026681401E-003
   5.7489208352252366E-004
   2.6829614616577908E-005
   3.0938530602775884E-005
   2.1547106967906333E-005
   1.6912873770559955E-005
   3.5130373970058870E-006
   1.0802256955920278E-006
   3.2070692143796240E-007
   9.4343578929532885E-008
   9.9425271272315534E-004
   1.3867928942463701E-003
   2.4464271359414784E-003
   1.2243935022300743E-003
   8.4685739415464099E-004
   6.8592505921012670E-004
   3.1217306485226852E-004
   1.3618238451786759E-005
   1.5036330288015272E-005
   1.0310730758193305E-005
   7.6191043040530593E-006
   1.5379773482058412E-006
   4.4458451436432869E-007
   4.6977616603328709E-004
   1.1947036858371860E-003
   1.6345587836396714E-003
   8.3721012930310437E-004
   5.6109927598968650E-004
   4.0904636192030051E-004
   1.7778923760926060E-004
   7.2714293755585828E-006
   7.6650067946504219E-006
   5.1255273425495620E-006
   3.5719174786202954E-006
   2.5937639805607153E-004
   1.0367573087930073E-003
   1.1569434935076675E-003
   5.9345055802915887E-004
   3.8133887355224520E-004
   2.5365196985655252E-004
   1.0507957725969015E-004
   4.0456977328400745E-006
   4.0598480054181492E-006
   1.5708982953603474E-004
   9.0841590780270547E-004
   8.5235342470938047E-004
   4.3234696296328368E-004
   2.6494540417382781E-004
   1.6223847472939572E-004
   6.4011366356355719E-005
   1.0114108120003427E-004
   8.0402776004756742E-004
   6.4686311874557365E-004
   3.2195848646328322E-004
   1.8763561830155947E-004
   6.7978000441040916E-005
   7.1824800532882538E-004
   5.0230632821410550E-004
   4.7137050476521178E-005
    11.57716527280151     
    7.649022521436510     
    8.845328850410629     
    6.869818075197227     
   0.7857860414525845     
    4.417887535478654     
   7.6331824237997630E-002
    2.591180763860249     
   2.8422315637574297E-003
    1.421008026253973     
   7.5157510448824283E-004
   0.7322588033552346     
   2.4782179814009520E-003
   0.3548893899205035     
   2.3543708297459744E-003
   0.1617340912491562     
   1.5323596075051138E-003
   6.9275009074176106E-002
   8.1325653725274876E-004
   2.7872474433686021E-002
   3.7502062374673324E-004
   1.0528379940445718E-002
   1.5474985281541443E-004
   3.7317745851263768E-003
   5.8046856104608837E-005
   1.2406292315398451E-003
   1.9969888611189033E-005
   3.8665131578129458E-004
   6.3614025123851503E-006
   1.1257940067928922E-004
   1.7622610506431231E-006
   3.1962780410878628E-005
   4.0512747345768148E-006
   1.5188335049014001E-003
   9.5118299203521435E-002
   1.7695751728895470E-002
   7.5790812096002842E-002
   1.6584926624037744E-002
   3.0024922684937065E-002
   9.6469004475382985E-003
   2.6131299819458826E-002
   2.4363468393945920E-002
   4.6635234397216614E-002
   1.5546247465267317E-002
   4.5723820502216226E-002
   2.8581113124225368E-004
   7.7685832619914352E-012
   8.9777484639722562E-011
   1.2061135479032079E-012
   1.3499234065554906E-011
   1.7476887867972188E-013
   1.8972801257256361E-012
   2.3637460814051328E-014
   2.4921188092032320E-013
   2.9841264481457790E-015
   3.0588570686177330E-014
   3.5165690796746802E-016
   3.5078189473378019E-015
   3.8648040255620074E-017
   3.7541197983398167E-016
   3.7930553695545233E-018
   3.5998486247094510E-017
   1.4020727205148105E-020
    2.966749585506990     
   0.1438095459056441     
   0.8069494890062920     
   0.7030819965172218     
   0.9146439084912764     
   0.3369186138645021     
   0.6787399918218883     
   7.8139229673024140E-002
   0.3923043543468552     
   3.6727947919389603E-003
   0.1948907461183567     
   4.5467331380514455E-003
   8.6454544209898838E-002
   1.5564363274629245E-002
   3.4812118928641791E-002
   1.8498375612264820E-002
   1.2816354763885485E-002
   1.4893007426165110E-002
   4.3259685587701471E-003
   9.5410784786062059E-003
   1.3388131876641469E-003
   5.1892389981689320E-003
   3.7923373180382103E-004
   2.4755523309762872E-003
   9.7862817983564945E-005
   1.0557561393312747E-003
   2.2958560764374853E-005
   4.0624719607405089E-004
   4.4993205976889383E-006
   1.4018108947819634E-004
   2.6097176145987340E-005
   3.3822964784320817E-003
   1.3343874674219500E-002
   2.4425198253870239E-002
   7.5737490716081215E-003
   1.2736857448980281E-002
   3.9380894886636234E-002
   2.6988123956316383E-002
   5.1903252214668560E-002
   2.7122548879470725E-002
   3.4180228988890420E-002
   4.1007657877880623E-002
   1.0788256893712060E-003
   9.9434515822126990E-004
   8.7374631118343089E-006
   5.3985416650686924E-008
   7.8444727795713600E-013
   3.0368578174379666E-010
   2.0438366629382028E-013
   4.8839203246867324E-011
   4.3803241767702215E-014
   7.3048872097495599E-012
   8.0925903772443863E-015
   1.0165242550656315E-012
   1.3214405596879997E-015
   1.3164761164088286E-013
   1.9346145326916378E-016
   1.5863847453567034E-014
   2.3850389303698538E-017
   1.7241547697770376E-015
   8.2073844537655045E-018
    1.363006475104776     
   0.3004391663826588     
    2.034089436533410     
   3.5693609354004607E-002
    1.346923105881721     
   5.4132431871710693E-003
   0.5639020347073363     
   4.9239414502235235E-002
   0.1840868777126334     
   7.0972196206215372E-002
   4.6055623997850654E-002
   5.9935488483755117E-002
   7.6327777330851205E-003
   3.7310141519110944E-002
   4.1820100140145886E-004
   1.8542664383010390E-002
   8.6117805236315412E-005
   7.5820756652325034E-003
   3.4547607138520502E-004
   2.5589002441512254E-003
   3.3189425536862691E-004
   6.9686323020289027E-004
   2.0543473878095400E-004
   1.4263506935281224E-004
   9.8307046457053673E-005
   1.7551940253633902E-005
   4.2572450256668697E-005
   3.4895430638817748E-006
   8.7000185553624618E-005
   8.8810014726008344E-003
   2.0407815322307901E-002
   4.8927353012972974E-002
   8.8090484362140824E-002
   3.6208067142603668E-002
   7.8772477974729194E-002
   1.7286223740909989E-002
   5.0754768153870300E-002
   4.3956566739616738E-002
   6.5957464509733699E-002
   3.1408720656153366E-002
   3.2537989788887272E-002
   1.5277703484483203E-003
   7.3141493170182130E-007
   6.2889142307158528E-007
   1.1881406786711432E-008
   6.8750055773656094E-010
   1.4343228384147904E-011
   1.2685703734018405E-010
   2.0077421317580209E-012
   2.3687461325947741E-011
   2.5839110114870456E-013
   4.0472055508849145E-012
   3.0547416456053611E-014
   6.3473387424230250E-013
   3.3116469703855222E-015
   9.1601772750123391E-014
   3.3376274773901740E-016
   1.1959401206173763E-014
   2.4472232616907235E-016
    2.470247772951800     
   2.6773906973326671E-002
    2.128285595421842     
   2.5800821694570208E-002
   0.5270615466288914     
   6.6583030712490077E-002
   8.4051383075689259E-002
   6.9135896388750497E-002
   2.7012177947683753E-003
   4.3555273701736290E-002
   2.8703926393250248E-003
   1.8989170551438159E-002
   6.9332280243973532E-003
   5.7451036795316721E-003
   5.8862883994521482E-003
   1.0382501426302633E-003
   3.3305520754434284E-003
   4.5431444285960634E-005
   1.4597634877160647E-003
   2.7180803962839351E-005
   5.2358196152591567E-004
   7.8301277308661188E-005
   1.5285436018498770E-004
   6.7410397330699157E-005
   4.8003293658384365E-005
   1.0424695795162040E-004
   2.3428480878501725E-004
   1.3371333924674174E-003
   3.4804997520933001E-002
   0.1346507575005651     
   6.6983673272015771E-002
   1.3170148643593014E-002
   1.4023999989251061E-002
   4.7531457945080327E-002
   1.3436923222602788E-002
   6.5689326320848878E-002
   6.3796145283189158E-002
   4.7592670639259422E-002
   1.7172724456023902E-002
   2.4123202790417437E-003
   4.7107722595144015E-005
   2.1181865265303856E-006
   2.8192828361763338E-009
   1.8101252755380211E-009
   7.0959903653603469E-011
   1.7644550114382822E-012
   7.7376595743917616E-012
   1.7567549658164063E-012
   1.4561386980665015E-012
   7.5761774981567109E-013
   2.4621925532465876E-013
   2.2309157822453218E-013
   3.7690423297918785E-014
   5.2110258142252199E-014
   5.2178058643072287E-015
   1.0299288906522333E-014
   9.5956579251782408E-016
    1.838038306392196     
   4.7444957686053666E-003
   0.4144393287867582     
   3.2127319092703805E-002
   2.0169017137137599E-002
   3.7942829673262519E-002
   9.9806395015086107E-003
   1.9461083494867392E-002
   2.7936042531394882E-002
   5.1285912767606092E-003
   2.2924574329865428E-002
   3.7809201690546876E-004
   1.1813383763922802E-002
   1.0337174355185024E-004
   4.4730376524302162E-003
   4.5769958802367485E-004
   1.2825238587580634E-003
   4.6024492420777170E-004
   2.6920467822847871E-004
   2.7634815352316471E-004
   3.5839788562861847E-005
   1.1964444019767884E-004
   7.6235051312684199E-006
   1.4050663197298974E-004
   4.0329676940852623E-004
   1.6197596813254281E-002
   4.9865132539167636E-002
   1.9444428704397293E-002
   3.5076322596005243E-002
   8.6040234623025054E-002
   2.9437967289814067E-002
   1.4945023721158892E-002
   2.0830248533028577E-002
   7.6470494768989692E-003
   2.4046827390444583E-002
   1.2098482775043065E-002
   5.2961480044444080E-002
   2.0850248350564264E-003
   4.6906617114268832E-005
   6.1680035347906621E-006
   2.5597589454034209E-007
   1.1349527977700382E-008
   1.6006677715151723E-011
   5.4023671896622432E-011
   1.7572885572244146E-012
   7.8335225104341557E-012
   5.2139309995812457E-014
   1.1950857544902389E-012
   3.7661197622798759E-016
   1.4485356732951013E-013
   2.6308290862959782E-015
   1.2955454933941062E-014
   1.2637023542678509E-015
   6.3612947731876446E-016
   1.4780941603578452E-016
   0.3296506439854366     
   3.4887155718201339E-002
   5.9275034929966193E-003
   1.5572653589435268E-002
   4.6659881097592786E-002
   6.6493345036066387E-003
   5.9864957331960555E-002
   6.2580108896408309E-004
   3.4360968276986785E-002
   2.1518172546570611E-004
   1.2642036395315517E-002
   9.9068263682378781E-004
   3.1241728442408032E-003
   1.0122906145202419E-003
   4.3278882628541293E-004
   5.9084491469341103E-004
   1.1302568412172798E-005
   2.4492160119424979E-004
   1.4598960058325492E-005
   8.0303967592869707E-005
   5.3708650248027965E-005
   6.7046088169005262E-005
   2.9417145642709745E-004
   1.0705451798651917E-002
   4.8931205114749465E-002
   2.4203377962829036E-002
   3.1830037341681217E-002
   4.6663650809059325E-002
   3.5799988269797156E-002
   4.5362381057178549E-002
   2.0845748882525084E-002
   4.7253128417643762E-002
   2.4526662309146072E-002
   5.3070210629172951E-002
   3.7442592540279152E-002
   3.1149750328632422E-003
   2.2460331398102169E-004
   7.6515437318839830E-006
   4.0988993134230531E-007
   5.1088760438956466E-008
   2.5051571827154677E-009
   1.0590602207206197E-010
   2.2916276585130975E-012
   1.0519092470470515E-012
   7.9926943017966314E-013
   1.5681064366072501E-014
   1.6812676604172290E-013
   4.4954426241669427E-015
   2.8123080875211620E-014
   4.7463952503695310E-015
   3.7334789978636476E-015
   1.6370594702713057E-015
   3.8131170765846445E-016
   7.9100857845248873E-004
   2.4213263240847520E-003
   0.1104700033772839     
   1.3879775318643879E-003
   8.9414930848719436E-002
   3.0838713552623060E-007
   3.9573274537396346E-002
   8.3489920011701813E-004
   1.0156041971914762E-002
   1.3875288786715054E-003
   1.2875200673111240E-003
   9.9936007276564691E-004
   5.9482625847813821E-006
   4.4392946100141328E-004
   7.8753372836269264E-005
   1.3608923647494140E-004
   1.0750416419077615E-004
   5.2988056019061940E-005
   9.9079201867336479E-005
   3.7354386521393823E-005
   9.7996748731519538E-004
   3.3544878122001016E-003
   2.1839841565176017E-002
   3.2187545275972864E-002
   5.0256535731026650E-002
   2.7797075566680141E-002
   3.3373388641966386E-002
   4.9421695928832774E-002
   2.1680734683060434E-002
   2.5808192606627940E-002
   1.8261950258324946E-002
   5.2851809634173561E-002
   5.1964425135895773E-002
   5.9367319371662379E-003
   2.4349393386796470E-004
   1.9024128064200541E-005
   2.8790333866728094E-006
   9.1557890091812943E-008
   6.3300933295869068E-009
   7.0325631769378756E-010
   3.5251521814322406E-011
   1.9397869082171281E-012
   1.1224392629958084E-012
   3.3736992545866156E-013
   1.1814829864404102E-013
   8.3691409975408959E-014
   8.8404605317354772E-015
   1.4645264980957251E-014
   2.9486935732625351E-016
   1.9109771536202835E-015
   1.6315145999817942E-017
   0.1027575369762843     
   8.6000164809363255E-003
   0.1091279326334096     
   4.9537584840248652E-005
   4.2467103880067842E-002
   8.2999634650947733E-004
   7.0874056018465730E-003
   1.1616408384954002E-003
   2.3197374328825715E-004
   6.8566272548858169E-004
   1.9970206217713034E-004
   2.1433638345552812E-004
   3.5839536922443749E-004
   4.5027050575175567E-005
   3.4787421953664257E-004
   1.3438260304978940E-005
   2.7207176419621497E-004
   7.4331829025869967E-004
   1.3119244449734990E-003
   3.0023779765579253E-003
   5.3182907141133837E-002
   9.8857531247530552E-002
   0.1313417745944727     
   5.0613693477767905E-002
   2.1319596261912741E-002
   3.7475999987891129E-002
   4.2739684428601628E-002
   3.8367693925983763E-002
   6.1162350243987307E-002
   4.0346286640584212E-002
   1.5959895110053026E-002
   9.4232541275891730E-004
   4.3561203324511553E-004
   4.5832367511919916E-005
   4.4310994892417135E-006
   3.2963286055669281E-007
   5.8234838846160999E-008
   1.7981235972760246E-009
   1.0918875127518728E-010
   1.6815756897678642E-011
   1.0896913598829308E-012
   5.7343773584021402E-013
   1.4526925682030869E-015
   6.7748380099778727E-014
   1.5076718314407143E-015
   6.0371596962613507E-015
   1.0594692183540484E-015
   2.7535609910569940E-016
   1.1502963688267780E-016
   8.8094791526077909E-002
   5.5589471733820055E-003
   5.3511107624832537E-002
   6.6935195097973530E-004
   4.7230971049214281E-003
   7.7111410066465105E-004
   2.7453081486664233E-005
   3.8375666026867208E-004
   8.5609008248619780E-004
   8.9148388198457198E-005
   7.9263876417610124E-004
   3.3108413588430392E-005
   4.3837104426596172E-004
   2.2475616537306982E-004
   2.3421361694593674E-004
   2.1144475710984696E-004
   1.9326629411952789E-003
   3.2116614160206218E-002
   5.0682507346030627E-002
   4.9589713655027428E-002
   7.0858352476000377E-002
   9.4811745111953059E-002
   9.9028630852739425E-002
   6.9952769948488687E-002
   5.4675853063765603E-002
   4.1944990933611539E-002
   7.8714178157312791E-002
   2.6612556329723320E-002
   1.2939267729807180E-002
   1.1807843346265681E-002
   1.8930512953286815E-004
   1.3895819072426738E-005
   1.0448085275151793E-005
   1.0440675377147843E-006
   1.2313076084673276E-007
   8.8082281933874569E-009
   1.6065527358474916E-009
   4.4885033642288708E-011
   2.9255495135500102E-012
   5.7731001229174321E-013
   9.7365408601185734E-014
   1.2822098523064009E-014
   1.7650624255938887E-014
   6.9220255712055909E-017
   3.1103862219240042E-015
   1.1906824647186731E-016
   2.4877324315289941E-016
   4.3978699386813700E-002
   3.1890289388257775E-003
   3.0113773419724166E-003
   3.7077485618592543E-004
   3.4319286273490301E-004
   1.4062970976998801E-004
   1.7777099471442752E-003
   4.7643817804538333E-005
   8.8645255967326424E-004
   2.0945942091674805E-005
   4.0554753566878796E-004
   2.1424426148966678E-004
   1.1851943591142495E-004
   2.6421090347650713E-003
   3.6946491626489397E-003
   9.7910327198965632E-003
   7.1239536491982598E-002
   3.8874674930695473E-002
   1.7909943977201916E-002
   3.7600798553161900E-002
   4.2679414629050418E-002
   9.9872941402336313E-002
   4.0814810500019165E-002
   5.8452199176398096E-002
   1.5360700153272877E-002
   6.2975457796399485E-003
   4.0832971114392045E-002
   9.5278564676239963E-004
   1.6215980254225149E-004
   1.6422515108205181E-004
   6.1125181693122244E-006
   4.8383713306677869E-007
   3.7466376109948216E-007
   3.5776531161368652E-008
   4.5020754916422874E-009
   2.9803457735766523E-010
   5.7335216119598709E-011
   1.5920096663637757E-012
   3.7823826098806568E-013
   1.2513061214779200E-014
   2.3865939130866125E-014
   2.0663104357682189E-015
   2.4967159209580565E-015
   6.9395406036160390E-016
   1.4766487938502602E-016
   1.0481368564100686E-003
   4.5817194918689736E-003
   7.8528215631422338E-004
   4.6424910193749600E-004
   3.2797554073608550E-003
   5.6140377220506625E-005
   1.1432199475669764E-003
   8.4119749891081153E-005
   5.7194327739557025E-004
   1.2389233462210374E-004
   9.5180970573948276E-004
   1.4250595795419780E-003
   1.7977959328759181E-003
   5.8378201782484096E-002
   8.2174771518728029E-002
   0.1115547842094363     
   7.3897252641010223E-002
   1.6391419230127720E-002
   8.5654091163400956E-002
   3.5280457569194295E-002
   4.9587327298915875E-002
   2.7665320849416277E-002
   1.4408713129788120E-002
   3.9908731470644341E-002
   1.0541667506739993E-002
   1.7474745811110188E-002
   9.1310230213834647E-004
   1.6869110019982680E-005
   6.2238778813211537E-006
   6.3595032986349604E-006
   2.8469659444264966E-007
   2.2013777076388106E-008
   1.7552800099203902E-008
   1.5759986856683918E-009
   1.9550974552947498E-010
   1.2815243343471656E-011
   2.5325105013762235E-012
   9.3398524679251338E-014
   1.3695622877909575E-014
   5.6509575842124864E-015
   7.2016419133934972E-016
   8.4702891040148884E-016
   1.6769658418620264E-017
   8.3817996422757304E-005
   3.5499482981210253E-003
   4.3049650293026236E-003
   7.4737691145435825E-004
   1.3791373603675436E-003
   1.2196820976112921E-004
   1.2927691194029349E-003
   3.1983868590720892E-004
   2.9634255859288778E-004
   6.7282163905022490E-004
   5.7372730494972242E-003
   1.9149216059064811E-002
   4.3154655679466201E-002
   3.1703168005736537E-002
   4.4320648080999607E-002
   5.2279770659899594E-003
   6.1051751221670658E-002
   0.1091850318411296     
   2.0326248288893960E-002
   5.1474244191953966E-002
   6.1636851913821191E-003
   1.4640811156886102E-002
   1.8187649950428250E-002
   1.9817216731251875E-002
   2.4277436520588007E-004
   4.3316065645282755E-004
   5.0089528639985144E-005
   8.5859874209927494E-007
   3.5277915886218563E-007
   3.5367902367742126E-007
   1.6795955406465348E-008
   1.2696945554561359E-009
   9.6234050337019816E-010
   8.4437068259524626E-011
   1.1281537417525183E-011
   7.4541652305538104E-013
   1.2462335566054763E-013
   7.0473675905538666E-015
   1.7649898695253543E-016
   5.3638336208256367E-016
   2.3163919894080509E-017
   5.1261703090009147E-003
   4.3711005375842777E-003
   2.1600898528917747E-003
   1.6274789022893987E-003
   2.7277450209419420E-003
   2.5127246064640567E-004
   2.1900578794359413E-003
   1.3967946239690654E-003
   1.7244059776666843E-003
   1.1552787616365192E-002
   8.6271534898173190E-002
   2.7266683522194537E-002
   7.9110452735151560E-002
   6.1279915013154049E-002
   2.6278482180864837E-002
   4.8179574806631686E-002
   1.7058900348977457E-002
   1.4099833402608311E-002
   1.7225765244106242E-002
   5.9161288771416913E-002
   1.1951898612982348E-002
   1.3855723959717878E-002
   5.8306606124067448E-004
   5.9216658194967966E-004
   1.5334154531119626E-005
   2.7329113819040018E-005
   3.7370269142906314E-006
   6.0851911068427960E-008
   2.4955720169115354E-008
   2.4604254651153861E-008
   1.1770319359370434E-009
   9.3941067731391428E-011
   6.5404453662600037E-011
   5.4863513896174085E-012
   6.8023990110694843E-013
   3.9705243004887514E-014
   8.3229921021016082E-015
   3.7272094590325597E-016
   1.6584743245969253E-016
   1.1081086785149776E-004
   5.8180276401260320E-003
   1.9725593396257990E-003
   3.8831481924212730E-003
   4.4579520439547053E-003
   1.0136108114435634E-003
   7.9068465778883557E-003
   1.3679451349118064E-002
   2.0006814067734497E-002
   0.1117529190885101     
   0.1593358293991503     
   6.4437010394693655E-002
   4.4655459907453530E-002
   1.8712770081000309E-002
   3.6406380854900116E-002
   7.0134342162551988E-003
   4.5605747564671066E-002
   4.8384001624264608E-002
   1.5327954620713999E-002
   1.5042035285440127E-002
   4.8599953171262307E-004
   5.5780927585485207E-004
   4.7680152341171294E-005
   4.5795428833282426E-005
   1.3628246701660123E-006
   2.3590378527575160E-006
   3.4223618892769641E-007
   5.2854650329302721E-009
   2.1286175532839859E-009
   1.9941970722309922E-009
   9.5723870747896740E-011
   6.4929621064200918E-012
   5.0422551339303947E-012
   3.8810269419864900E-013
   4.5954330535802503E-014
   2.7352788275042572E-015
   6.7780327711691637E-016
   1.8881041273111094E-003
   9.3164249320085464E-003
   3.0359689529689486E-003
   1.1217509432251180E-002
   1.2165261327604424E-002
   1.0863655599517532E-002
   6.0781216494355297E-002
   5.2605664185378531E-002
   1.3277759793021395E-002
   4.1619924379046447E-002
   3.0548424679623150E-002
   2.7848920739937766E-002
   7.3884504578277621E-002
   2.0602418740927826E-002
   2.8632799751693128E-002
   3.1744694639806719E-002
   6.6630205116043033E-002
   5.3881661335147504E-003
   8.4853023015389866E-004
   6.1105137603498916E-004
   4.8748335591364960E-005
   5.3872907869374975E-005
   5.2997027398726537E-006
   4.8073753126273573E-006
   1.4650202719110242E-007
   2.4623849632376733E-007
   3.5994485131005902E-008
   5.2764438411664631E-010
   2.0736533158257533E-010
   1.8895008149261026E-010
   8.8633142491944827E-012
   6.2979818296716736E-013
   4.0382869031637707E-013
   3.1872709948051754E-014
   4.4890881073331101E-015
   1.3543135991290758E-003
   2.1540362539983673E-002
   7.3244244005376906E-003
   8.5287304397526977E-002
   6.4676038241852538E-002
   1.8071683028733435E-002
   0.1175352563183436     
   3.9110216106547337E-002
   3.8534784817264974E-002
   4.6650827622667119E-002
   6.2223308481279052E-002
   0.1338901177632676     
   6.7500358881491351E-003
   0.1254942772320210     
   3.4330508552839394E-002
   3.3189979782280021E-002
   4.5304153464665529E-003
   3.8737590544582435E-004
   1.0754958857170691E-004
   6.8502964727439242E-005
   6.4597552276813053E-006
   6.8890589442543284E-006
   7.0146726664283898E-007
   6.0401273884809603E-007
   1.8266632308650818E-008
   2.9541517523165934E-008
   4.2615316700380133E-009
   6.0070237130789836E-011
   2.2334225709752329E-011
   1.9801626366487346E-011
   9.0484073836849817E-013
   6.6134594115424195E-014
   4.1919934239337406E-014
   2.6367767666931243E-003
   0.1341743817957000     
   5.1963050027867208E-002
   0.1010690860027989     
   5.2248660019508675E-002
   0.1644436440647066     
   6.6182528280212196E-002
   8.1176351403429177E-002
   2.4297989564140448E-002
   1.0840864598159776E-002
   3.8773851360090198E-002
   4.5630149059227358E-002
   2.0750705201736097E-002
   1.7642970053568263E-002
   1.9008106727239280E-003
   2.4230470576345651E-003
   6.9525225499845611E-004
   6.0567505307987881E-005
   1.7624580814570998E-005
   1.0368695944826880E-005
   1.0220440954768277E-006
   1.0416566592731331E-006
   1.0570517924985314E-007
   8.6477267710757779E-008
   2.5681906741830218E-009
   3.9700058941314298E-009
   5.6686560999009385E-010
   7.5582607807090030E-012
   2.7550754603184173E-012
   2.2801878570250631E-012
   1.0258687584469903E-013
   2.2484444289551861E-002
   2.9955307854869293E-002
   0.2656961867573044     
   8.1833863335511889E-003
   2.7188596729357091E-002
   2.9046078336072600E-002
   7.2791428718693574E-002
   4.5803978623589678E-002
   0.1226690485347278     
   4.0905390984409404E-002
   4.5983580480890138E-002
   1.8724859200490700E-002
   1.9800558260503454E-003
   9.1324242169164584E-004
   3.0038060768353709E-004
   4.1030149810810492E-004
   1.3680126786911835E-004
   1.1789533050001175E-005
   3.3667728937142929E-006
   1.8479496197069039E-006
   1.8292425686437351E-007
   1.7722393866752128E-007
   1.7717273192435186E-008
   1.3743185029578833E-008
   3.9273311090571799E-010
   5.8716984808248949E-010
   8.0885763069954351E-011
   1.0343276042300058E-012
   3.5914562619408552E-013
   2.8275541499955064E-002
   0.2694440782774440     
   1.2781673535486295E-002
   8.2269223376043659E-002
   0.1058178256182314     
   4.4825695285863434E-002
   8.4679027342719326E-002
   5.7697413716812518E-002
   3.5573040981805679E-002
   5.3103453286027378E-003
   4.7404352046065767E-003
   1.6599715335530652E-003
   4.2278197021916046E-004
   1.6451762937543357E-004
   6.4600510642517817E-005
   8.9371379498742431E-005
   3.1036060606109710E-005
   2.5979208713414637E-006
   7.1793464816336989E-007
   3.6990061354178709E-007
   3.5628510900203518E-008
   3.3192300219590072E-008
   3.2217056850470653E-009
   2.3851149587624656E-009
   6.6168905173224175E-011
   9.4374953456634163E-011
   1.2674435773920856E-011
   3.2386514215353159E-002
   0.1473284144702132     
   0.1897441846315127     
   0.1286155032182639     
   3.8673517891548318E-002
   0.1045639686657154     
   2.2892393114497924E-002
   6.9662459375494690E-003
   2.6548436376421463E-003
   1.2719988310192361E-003
   1.1990102940277467E-003
   3.9214387924193517E-004
   1.1549329751174113E-004
   4.1015236684911294E-005
   1.6393752758887048E-005
   2.2393576975800795E-005
   7.7885253611213585E-006
   6.2879330219356007E-007
   1.6613599881917085E-007
   8.0982989325427965E-008
   7.6218554190819887E-009
   6.7415971769158531E-009
   6.3436314734832910E-010
   4.4692959261421326E-010
   1.1931102942182672E-011
   5.8690682442305224E-002
   0.1087160249733077     
   9.0288222858298308E-002
   5.1265670057003190E-002
   4.8007247644149018E-003
   2.3171084606467778E-002
   4.6880690307933692E-003
   4.0652330324161552E-004
   6.6468721737985685E-004
   4.3240321826188683E-004
   3.8843794856155128E-004
   1.1960945013829973E-004
   3.6029257008923516E-005
   1.1924645897256316E-005
   4.6587121996274936E-006
   6.1805841145321994E-006
   2.1112826001166645E-006
   1.6396289255482230E-007
   4.1451975686455960E-008
   1.9087056843700012E-008
   1.7329602558811185E-009
   1.4661659965929736E-009
   1.3336380479795058E-010
   1.1665627694566136E-002
   0.1707166765342520     
   3.1865327946511286E-002
   4.8145681538780893E-002
   3.0342878793930446E-003
   4.9534819050785739E-003
   1.9894428088701819E-003
   1.1968206123060017E-004
   2.3170623171498637E-004
   1.6767381934902548E-004
   1.4281763609045464E-004
   4.1455085116335564E-005
   1.2263280627463904E-005
   3.8239953862703615E-006
   1.4301634260735989E-006
   1.8381501396650403E-006
   6.1133631082933535E-007
   4.5485733554534420E-008
   1.0983470861749980E-008
   4.8007518370451256E-009
   4.1952050843260338E-010
   2.0464516296114792E-003
   3.4080102748700463E-002
   3.8374179308641040E-003
   6.9947423934592763E-003
   1.8816212406604311E-003
   2.2419107978139743E-003
   9.8565669293160969E-004
   5.1358660763989237E-005
   9.4484885418042897E-005
   7.0688958139811708E-005
   5.6945005728992921E-005
   1.5616878092559321E-005
   4.4760853350995804E-006
   1.3176612262195408E-006
   4.7006957756679473E-007
   5.8138357123297970E-007
   1.8713302499859221E-007
   1.3343185450489516E-008
   3.0738803494661182E-009
   2.6651363696241392E-004
   3.6572458554640241E-003
   1.9845727644109651E-003
   3.0597856393860123E-003
   1.1992875824669542E-003
   1.1897920123576602E-003
   5.2748563621208797E-004
   2.5208094006075408E-005
   4.2376938928548524E-005
   3.1668029072293602E-005
   2.4157874754928073E-005
   6.2593902263191481E-006
   1.7234428810046410E-006
   4.8055481835480869E-007
   1.6306358654799846E-007
   1.9377608870907487E-007
   6.0168738136458524E-008
   1.1050628006509020E-004
   1.9111317188408599E-003
   1.3350188210935077E-003
   1.7423207447833777E-003
   7.8801797847325243E-004
   6.8287049328642020E-004
   2.9696449539228404E-004
   1.3249001573650636E-005
   2.0289750236520203E-005
   1.4882495510539520E-005
   1.0753075254443440E-005
   2.6363036766929993E-006
   6.9504183606535488E-007
   1.8389015690605326E-007
   5.9276724956440443E-008
   6.0216007450328988E-005
   1.3942641662536022E-003
   9.7516820373049296E-004
   1.1102178087166421E-003
   5.3148483796924708E-004
   4.1230560573217030E-004
   1.7368546196775636E-004
   7.2822445902113184E-006
   1.0210160421097210E-005
   7.2777101700871096E-006
   4.9845165165696139E-006
   1.1576053768172092E-006
   2.9178676258459163E-007
   3.7011397631151293E-005
   1.1273596455663057E-003
   7.4240134779796971E-004
   7.5346770130764762E-004
   3.6672709969882060E-004
   2.5837733907212175E-004
   1.0473457792044161E-004
   4.1415978690106448E-006
   5.3462900299495058E-006
   3.6814013814818369E-006
   2.3926800589386876E-006
   2.4168493548821819E-005
   9.5354544394902447E-004
   5.7981098052154394E-004
   5.3294790407266612E-004
   2.5800883982441167E-004
   1.6672603491172088E-004
   6.4796363105241408E-005
   2.4215372286219230E-006
   2.8937318288502873E-006
   1.6526320642374253E-005
   8.2742084932766407E-004
   4.6146908733219796E-004
   3.8843119394268516E-004
   1.8463613832544961E-004
   1.1021450212827562E-004
   4.0984172281848918E-005
   1.1637713008364281E-005
   7.3045621083445242E-004
   3.7271364595816698E-004
   2.8973563201834738E-004
   1.3413183008179173E-004
   8.3788054657483571E-006
   6.5327185017081879E-004
   3.0464176226933208E-004
   6.1330033286791252E-006
   6.4723363967273562E-004
   2.4413881466426344E-004
   1.0647763760785920E-004
   2.3250512637626466E-006
   2.6307314030657922E-006
   6.9753362714807565E-007
   1.2446841868305956E-007
   1.0602237525319260E-007
   7.9524154084090348E-009
   2.4486205232728038E-009
   6.5658371512599576E-010
   1.8697170009728165E-010
   3.6287057030650600E-011
   4.0640453358405040E-013
   7.5886638582200669E-013
   2.2929379629531161E-014
   9.0995236795253920E-015
   7.1563735423718464E-016
   1.1658721905295653E-016
   1.7257985529729485E-016
   2.3404008042037860E-016
   1.6286875331082369E-016
   2.2951983533773013E-017
   4.8839420457045746E-017
   2.7555723607412319E-016
   1.9141492195282105E-016
   6.1144247142691635E-017
   7.4612451039616756E-016
   6.2865754241506551E-016
   5.8409037495553413E-017
   5.8994105611049861E-019
   4.5878821549635358E-032
