   9.9749481E-03
   0.0000000E+00
   0.0000000E+00
   0.0000000E+00
   0.0000000E+00
   0.0000000E+00
   0.0000000E+00
   0.0000000E+00
   0.0000000E+00
   0.0000000E+00
   0.0000000E+00
   0.0000000E+00
   0.0000000E+00
   0.0000000E+00
   0.0000000E+00
   0.0000000E+00
   0.0000000E+00
   0.0000000E+00
   0.0000000E+00
   0.0000000E+00
   0.0000000E+00
   0.0000000E+00
   0.0000000E+00
   0.0000000E+00
   0.0000000E+00
   0.0000000E+00
   0.0000000E+00
   0.0000000E+00
   0.0000000E+00
   0.0000000E+00
   0.0000000E+00
   0.0000000E+00
   0.0000000E+00
   0.0000000E+00
   0.0000000E+00
   0.0000000E+00
   0.0000000E+00
   0.0000000E+00
   0.0000000E+00
   0.0000000E+00
   0.0000000E+00
   0.0000000E+00
   0.0000000E+00
   0.0000000E+00
   0.0000000E+00
   0.0000000E+00
   0.0000000E+00
   0.0000000E+00
   0.0000000E+00
   0.0000000E+00
   0.0000000E+00
   0.0000000E+00
   0.0000000E+00
   0.0000000E+00
   0.0000000E+00
   0.0000000E+00
   0.0000000E+00
   0.0000000E+00
   0.0000000E+00
   0.0000000E+00
   0.0000000E+00
   0.0000000E+00
   0.0000000E+00
   0.0000000E+00
    1.000000    
   0.1140974    
   0.0000000E+00
   0.0000000E+00
   0.0000000E+00
   0.0000000E+00
   0.0000000E+00
   0.0000000E+00
   0.0000000E+00
   0.0000000E+00
   0.0000000E+00
   0.0000000E+00
   0.0000000E+00
   0.0000000E+00
   0.0000000E+00
   0.0000000E+00
   0.0000000E+00
   0.0000000E+00
   0.0000000E+00
   0.0000000E+00
   0.0000000E+00
   0.0000000E+00
   0.0000000E+00
   0.0000000E+00
   0.0000000E+00
   0.0000000E+00
   0.0000000E+00
   0.0000000E+00
   0.0000000E+00
   0.0000000E+00
   0.0000000E+00
   0.0000000E+00
   0.0000000E+00
   0.0000000E+00
   0.0000000E+00
   0.0000000E+00
   0.0000000E+00
   0.0000000E+00
   0.0000000E+00
   0.0000000E+00
   0.0000000E+00
   0.0000000E+00
   0.0000000E+00
   0.0000000E+00
   0.0000000E+00
   0.0000000E+00
   0.0000000E+00
   0.0000000E+00
   0.0000000E+00
   0.0000000E+00
   0.0000000E+00
   0.0000000E+00
   0.0000000E+00
   0.0000000E+00
   0.0000000E+00
   0.0000000E+00
   0.0000000E+00
   0.0000000E+00
   0.0000000E+00
   0.0000000E+00
   0.0000000E+00
   0.0000000E+00
   0.0000000E+00
   0.0000000E+00
   1.1539289E-03
   7.6098755E-02
   1.3329531E-02
   0.0000000E+00
   0.0000000E+00
   0.0000000E+00
   0.0000000E+00
   0.0000000E+00
   0.0000000E+00
   0.0000000E+00
   0.0000000E+00
   0.0000000E+00
   0.0000000E+00
   0.0000000E+00
   0.0000000E+00
   0.0000000E+00
   0.0000000E+00
   0.0000000E+00
   0.0000000E+00
   0.0000000E+00
   0.0000000E+00
   0.0000000E+00
   0.0000000E+00
   0.0000000E+00
   0.0000000E+00
   0.0000000E+00
   0.0000000E+00
   0.0000000E+00
   0.0000000E+00
   0.0000000E+00
   0.0000000E+00
   0.0000000E+00
   0.0000000E+00
   0.0000000E+00
   0.0000000E+00
   0.0000000E+00
   0.0000000E+00
   0.0000000E+00
   0.0000000E+00
   0.0000000E+00
   0.0000000E+00
   0.0000000E+00
   0.0000000E+00
   0.0000000E+00
   0.0000000E+00
   0.0000000E+00
   0.0000000E+00
   0.0000000E+00
   0.0000000E+00
   0.0000000E+00
   0.0000000E+00
   0.0000000E+00
   0.0000000E+00
   0.0000000E+00
   0.0000000E+00
   0.0000000E+00
   0.0000000E+00
   0.0000000E+00
   0.0000000E+00
   0.0000000E+00
   0.0000000E+00
   0.0000000E+00
   0.0000000E+00
   0.0000000E+00
   0.2665036    
   0.1473913    
   4.8424061E-03
   1.4595063E-03
   0.0000000E+00
   0.0000000E+00
   0.0000000E+00
   0.0000000E+00
   0.0000000E+00
   0.0000000E+00
   0.0000000E+00
   0.0000000E+00
   0.0000000E+00
   0.0000000E+00
   0.0000000E+00
   0.0000000E+00
   0.0000000E+00
   0.0000000E+00
   0.0000000E+00
   0.0000000E+00
   0.0000000E+00
   0.0000000E+00
   0.0000000E+00
   0.0000000E+00
   0.0000000E+00
   0.0000000E+00
   0.0000000E+00
   0.0000000E+00
   0.0000000E+00
   0.0000000E+00
   0.0000000E+00
   0.0000000E+00
   0.0000000E+00
   0.0000000E+00
   0.0000000E+00
   0.0000000E+00
   0.0000000E+00
   0.0000000E+00
   0.0000000E+00
   0.0000000E+00
   0.0000000E+00
   0.0000000E+00
   0.0000000E+00
   0.0000000E+00
   0.0000000E+00
   0.0000000E+00
   0.0000000E+00
   0.0000000E+00
   0.0000000E+00
   0.0000000E+00
   0.0000000E+00
   0.0000000E+00
   0.0000000E+00
   0.0000000E+00
   0.0000000E+00
   0.0000000E+00
   0.0000000E+00
   0.0000000E+00
   0.0000000E+00
   0.0000000E+00
   0.0000000E+00
   0.0000000E+00
   0.0000000E+00
   0.0000000E+00
   9.9685445E-02
   1.6351175E-03
   8.3467667E-04
   2.6770966E-04
   2.1274657E-06
   0.0000000E+00
   0.0000000E+00
   0.0000000E+00
   0.0000000E+00
   0.0000000E+00
   0.0000000E+00
   0.0000000E+00
   0.0000000E+00
   0.0000000E+00
   0.0000000E+00
   0.0000000E+00
   0.0000000E+00
   0.0000000E+00
   0.0000000E+00
   0.0000000E+00
   0.0000000E+00
   0.0000000E+00
   0.0000000E+00
   0.0000000E+00
   0.0000000E+00
   0.0000000E+00
   0.0000000E+00
   0.0000000E+00
   0.0000000E+00
   0.0000000E+00
   0.0000000E+00
   0.0000000E+00
   0.0000000E+00
   0.0000000E+00
   0.0000000E+00
   0.0000000E+00
   0.0000000E+00
   0.0000000E+00
   0.0000000E+00
   0.0000000E+00
   0.0000000E+00
   0.0000000E+00
   0.0000000E+00
   0.0000000E+00
   0.0000000E+00
   0.0000000E+00
   0.0000000E+00
   0.0000000E+00
   0.0000000E+00
   0.0000000E+00
   0.0000000E+00
   0.0000000E+00
   0.0000000E+00
   0.0000000E+00
   0.0000000E+00
   0.0000000E+00
   0.0000000E+00
   0.0000000E+00
   0.0000000E+00
   0.0000000E+00
   0.0000000E+00
   0.0000000E+00
   0.0000000E+00
   0.0000000E+00
   0.1187037    
   7.4024772E-04
   1.4899639E-04
   2.4031997E-06
   3.0950952E-07
   1.9107913E-06
   0.0000000E+00
   0.0000000E+00
   0.0000000E+00
   0.0000000E+00
   0.0000000E+00
   0.0000000E+00
   0.0000000E+00
   0.0000000E+00
   0.0000000E+00
   0.0000000E+00
   0.0000000E+00
   0.0000000E+00
   0.0000000E+00
   0.0000000E+00
   0.0000000E+00
   0.0000000E+00
   0.0000000E+00
   0.0000000E+00
   0.0000000E+00
   0.0000000E+00
   0.0000000E+00
   0.0000000E+00
   0.0000000E+00
   0.0000000E+00
   0.0000000E+00
   0.0000000E+00
   0.0000000E+00
   0.0000000E+00
   0.0000000E+00
   0.0000000E+00
   0.0000000E+00
   0.0000000E+00
   0.0000000E+00
   0.0000000E+00
   0.0000000E+00
   0.0000000E+00
   0.0000000E+00
   0.0000000E+00
   0.0000000E+00
   0.0000000E+00
   0.0000000E+00
   0.0000000E+00
   0.0000000E+00
   0.0000000E+00
   0.0000000E+00
   0.0000000E+00
   0.0000000E+00
   0.0000000E+00
   0.0000000E+00
   0.0000000E+00
   0.0000000E+00
   0.0000000E+00
   0.0000000E+00
   0.0000000E+00
   0.0000000E+00
   0.0000000E+00
   0.0000000E+00
   0.0000000E+00
   4.9635589E-02
   1.3931693E-03
   1.2768844E-05
   4.7060010E-07
   6.6295775E-07
   2.7274618E-07
   3.8396131E-08
   0.0000000E+00
   0.0000000E+00
   0.0000000E+00
   0.0000000E+00
   0.0000000E+00
   0.0000000E+00
   0.0000000E+00
   0.0000000E+00
   0.0000000E+00
   0.0000000E+00
   0.0000000E+00
   0.0000000E+00
   0.0000000E+00
   0.0000000E+00
   0.0000000E+00
   0.0000000E+00
   0.0000000E+00
   0.0000000E+00
   0.0000000E+00
   0.0000000E+00
   0.0000000E+00
   0.0000000E+00
   0.0000000E+00
   0.0000000E+00
   0.0000000E+00
   0.0000000E+00
   0.0000000E+00
   0.0000000E+00
   0.0000000E+00
   0.0000000E+00
   0.0000000E+00
   0.0000000E+00
   0.0000000E+00
   0.0000000E+00
   0.0000000E+00
   0.0000000E+00
   0.0000000E+00
   0.0000000E+00
   0.0000000E+00
   0.0000000E+00
   0.0000000E+00
   0.0000000E+00
   0.0000000E+00
   0.0000000E+00
   0.0000000E+00
   0.0000000E+00
   0.0000000E+00
   0.0000000E+00
   0.0000000E+00
   0.0000000E+00
   0.0000000E+00
   0.0000000E+00
   0.0000000E+00
   0.0000000E+00
   0.0000000E+00
   0.0000000E+00
   0.0000000E+00
   1.0572609E-02
   1.5254051E-04
   5.7175935E-06
   1.0162262E-06
   3.0557229E-07
   2.5068065E-08
   4.6167785E-09
   5.1576321E-10
   0.0000000E+00
   0.0000000E+00
   0.0000000E+00
   0.0000000E+00
   0.0000000E+00
   0.0000000E+00
   0.0000000E+00
   0.0000000E+00
   0.0000000E+00
   0.0000000E+00
   0.0000000E+00
   0.0000000E+00
   0.0000000E+00
   0.0000000E+00
   0.0000000E+00
   0.0000000E+00
   0.0000000E+00
   0.0000000E+00
   0.0000000E+00
   0.0000000E+00
   0.0000000E+00
   0.0000000E+00
   0.0000000E+00
   0.0000000E+00
   0.0000000E+00
   0.0000000E+00
   0.0000000E+00
   0.0000000E+00
   0.0000000E+00
   0.0000000E+00
   0.0000000E+00
   0.0000000E+00
   0.0000000E+00
   0.0000000E+00
   0.0000000E+00
   0.0000000E+00
   0.0000000E+00
   0.0000000E+00
   0.0000000E+00
   0.0000000E+00
   0.0000000E+00
   0.0000000E+00
   0.0000000E+00
   0.0000000E+00
   0.0000000E+00
   0.0000000E+00
   0.0000000E+00
   0.0000000E+00
   0.0000000E+00
   0.0000000E+00
   0.0000000E+00
   0.0000000E+00
   0.0000000E+00
   0.0000000E+00
   0.0000000E+00
   0.0000000E+00
   7.8320256E-05
   6.2312576E-04
   2.8057940E-07
   9.7427312E-07
   1.8157249E-07
   7.6401392E-09
   4.4931142E-10
   1.6990367E-10
   1.1816902E-10
   0.0000000E+00
   0.0000000E+00
   0.0000000E+00
   0.0000000E+00
   0.0000000E+00
   0.0000000E+00
   0.0000000E+00
   0.0000000E+00
   0.0000000E+00
   0.0000000E+00
   0.0000000E+00
   0.0000000E+00
   0.0000000E+00
   0.0000000E+00
   0.0000000E+00
   0.0000000E+00
   0.0000000E+00
   0.0000000E+00
   0.0000000E+00
   0.0000000E+00
   0.0000000E+00
   0.0000000E+00
   0.0000000E+00
   0.0000000E+00
   0.0000000E+00
   0.0000000E+00
   0.0000000E+00
   0.0000000E+00
   0.0000000E+00
   0.0000000E+00
   0.0000000E+00
   0.0000000E+00
   0.0000000E+00
   0.0000000E+00
   0.0000000E+00
   0.0000000E+00
   0.0000000E+00
   0.0000000E+00
   0.0000000E+00
   0.0000000E+00
   0.0000000E+00
   0.0000000E+00
   0.0000000E+00
   0.0000000E+00
   0.0000000E+00
   0.0000000E+00
   0.0000000E+00
   0.0000000E+00
   0.0000000E+00
   0.0000000E+00
   0.0000000E+00
   0.0000000E+00
   0.0000000E+00
   0.0000000E+00
   0.0000000E+00
   2.8359704E-04
   2.8162348E-04
   1.6220590E-06
   7.0361500E-07
   1.2421975E-07
   5.6117480E-09
   2.8159461E-10
   8.1319000E-11
   1.0232482E-10
   1.7442137E-12
   0.0000000E+00
   0.0000000E+00
   0.0000000E+00
   0.0000000E+00
   0.0000000E+00
   0.0000000E+00
   0.0000000E+00
   0.0000000E+00
   0.0000000E+00
   0.0000000E+00
   0.0000000E+00
   0.0000000E+00
   0.0000000E+00
   0.0000000E+00
   0.0000000E+00
   0.0000000E+00
   0.0000000E+00
   0.0000000E+00
   0.0000000E+00
   0.0000000E+00
   0.0000000E+00
   0.0000000E+00
   0.0000000E+00
   0.0000000E+00
   0.0000000E+00
   0.0000000E+00
   0.0000000E+00
   0.0000000E+00
   0.0000000E+00
   0.0000000E+00
   0.0000000E+00
   0.0000000E+00
   0.0000000E+00
   0.0000000E+00
   0.0000000E+00
   0.0000000E+00
   0.0000000E+00
   0.0000000E+00
   0.0000000E+00
   0.0000000E+00
   0.0000000E+00
   0.0000000E+00
   0.0000000E+00
   0.0000000E+00
   0.0000000E+00
   0.0000000E+00
   0.0000000E+00
   0.0000000E+00
   0.0000000E+00
   0.0000000E+00
   0.0000000E+00
   0.0000000E+00
   0.0000000E+00
   0.0000000E+00
   3.9736642E-06
   3.7798937E-04
   5.5267806E-06
   1.4032815E-07
   8.5836284E-08
   4.6761519E-09
   2.8934352E-10
   4.2604024E-11
   9.7746353E-11
   1.2872115E-12
   1.6638566E-14
   0.0000000E+00
   0.0000000E+00
   0.0000000E+00
   0.0000000E+00
   0.0000000E+00
   0.0000000E+00
   0.0000000E+00
   0.0000000E+00
   0.0000000E+00
   0.0000000E+00
   0.0000000E+00
   0.0000000E+00
   0.0000000E+00
   0.0000000E+00
   0.0000000E+00
   0.0000000E+00
   0.0000000E+00
   0.0000000E+00
   0.0000000E+00
   0.0000000E+00
   0.0000000E+00
   0.0000000E+00
   0.0000000E+00
   0.0000000E+00
   0.0000000E+00
   0.0000000E+00
   0.0000000E+00
   0.0000000E+00
   0.0000000E+00
   0.0000000E+00
   0.0000000E+00
   0.0000000E+00
   0.0000000E+00
   0.0000000E+00
   0.0000000E+00
   0.0000000E+00
   0.0000000E+00
   0.0000000E+00
   0.0000000E+00
   0.0000000E+00
   0.0000000E+00
   0.0000000E+00
   0.0000000E+00
   0.0000000E+00
   0.0000000E+00
   0.0000000E+00
   0.0000000E+00
   0.0000000E+00
   0.0000000E+00
   0.0000000E+00
   0.0000000E+00
   0.0000000E+00
   0.0000000E+00
   2.7698958E-03
   7.0368034E-05
   1.2166817E-06
   8.3380563E-08
   5.0204122E-08
   4.1390340E-09
   2.3543731E-10
   5.4269495E-11
   8.9407044E-11
   1.5652616E-12
   3.0409875E-14
   3.0024525E-15
   0.0000000E+00
   0.0000000E+00
   0.0000000E+00
   0.0000000E+00
   0.0000000E+00
   0.0000000E+00
   0.0000000E+00
   0.0000000E+00
   0.0000000E+00
   0.0000000E+00
   0.0000000E+00
   0.0000000E+00
   0.0000000E+00
   0.0000000E+00
   0.0000000E+00
   0.0000000E+00
   0.0000000E+00
   0.0000000E+00
   0.0000000E+00
   0.0000000E+00
   0.0000000E+00
   0.0000000E+00
   0.0000000E+00
   0.0000000E+00
   0.0000000E+00
   0.0000000E+00
   0.0000000E+00
   0.0000000E+00
   0.0000000E+00
   0.0000000E+00
   0.0000000E+00
   0.0000000E+00
   0.0000000E+00
   0.0000000E+00
   0.0000000E+00
   0.0000000E+00
   0.0000000E+00
   0.0000000E+00
   0.0000000E+00
   0.0000000E+00
   0.0000000E+00
   0.0000000E+00
   0.0000000E+00
   0.0000000E+00
   0.0000000E+00
   0.0000000E+00
   0.0000000E+00
   0.0000000E+00
   0.0000000E+00
   0.0000000E+00
   0.0000000E+00
   0.0000000E+00
   3.4427585E-04
   3.2973464E-04
   6.7704519E-07
   1.5321305E-08
   2.4101386E-08
   3.0527232E-09
   1.6805958E-10
   9.5199029E-11
   7.4014600E-11
   3.2502590E-12
   1.3185798E-13
   9.7901762E-15
   2.1839130E-17
   0.0000000E+00
   0.0000000E+00
   0.0000000E+00
   0.0000000E+00
   0.0000000E+00
   0.0000000E+00
   0.0000000E+00
   0.0000000E+00
   0.0000000E+00
   0.0000000E+00
   0.0000000E+00
   0.0000000E+00
   0.0000000E+00
   0.0000000E+00
   0.0000000E+00
   0.0000000E+00
   0.0000000E+00
   0.0000000E+00
   0.0000000E+00
   0.0000000E+00
   0.0000000E+00
   0.0000000E+00
   0.0000000E+00
   0.0000000E+00
   0.0000000E+00
   0.0000000E+00
   0.0000000E+00
   0.0000000E+00
   0.0000000E+00
   0.0000000E+00
   0.0000000E+00
   0.0000000E+00
   0.0000000E+00
   0.0000000E+00
   0.0000000E+00
   0.0000000E+00
   0.0000000E+00
   0.0000000E+00
   0.0000000E+00
   0.0000000E+00
   0.0000000E+00
   0.0000000E+00
   0.0000000E+00
   0.0000000E+00
   0.0000000E+00
   0.0000000E+00
   0.0000000E+00
   0.0000000E+00
   0.0000000E+00
   0.0000000E+00
   0.0000000E+00
   3.7184698E-06
   8.9719506E-05
   7.0230840E-07
   3.3350673E-08
   6.2710317E-09
   2.4490223E-09
   1.1224559E-10
   1.3371215E-10
   5.5758176E-11
   5.9403008E-12
   3.3311911E-13
   3.0242366E-14
   1.3124648E-17
   3.4641083E-18
   0.0000000E+00
   0.0000000E+00
   0.0000000E+00
   0.0000000E+00
   0.0000000E+00
   0.0000000E+00
   0.0000000E+00
   0.0000000E+00
   0.0000000E+00
   0.0000000E+00
   0.0000000E+00
   0.0000000E+00
   0.0000000E+00
   0.0000000E+00
   0.0000000E+00
   0.0000000E+00
   0.0000000E+00
   0.0000000E+00
   0.0000000E+00
   0.0000000E+00
   0.0000000E+00
   0.0000000E+00
   0.0000000E+00
   0.0000000E+00
   0.0000000E+00
   0.0000000E+00
   0.0000000E+00
   0.0000000E+00
   0.0000000E+00
   0.0000000E+00
   0.0000000E+00
   0.0000000E+00
   0.0000000E+00
   0.0000000E+00
   0.0000000E+00
   0.0000000E+00
   0.0000000E+00
   0.0000000E+00
   0.0000000E+00
   0.0000000E+00
   0.0000000E+00
   0.0000000E+00
   0.0000000E+00
   0.0000000E+00
   0.0000000E+00
   0.0000000E+00
   0.0000000E+00
   0.0000000E+00
   0.0000000E+00
   0.0000000E+00
   2.1331053E-04
   2.6004185E-04
   3.5164430E-07
   2.5525864E-09
   4.2261206E-10
   1.7974239E-09
   7.0257987E-11
   1.4450000E-10
   3.9464161E-11
   8.6697611E-12
   5.7875948E-13
   7.4351800E-14
   3.9208242E-17
   1.4724799E-17
   4.4102275E-20
   0.0000000E+00
   0.0000000E+00
   0.0000000E+00
   0.0000000E+00
   0.0000000E+00
   0.0000000E+00
   0.0000000E+00
   0.0000000E+00
   0.0000000E+00
   0.0000000E+00
   0.0000000E+00
   0.0000000E+00
   0.0000000E+00
   0.0000000E+00
   0.0000000E+00
   0.0000000E+00
   0.0000000E+00
   0.0000000E+00
   0.0000000E+00
   0.0000000E+00
   0.0000000E+00
   0.0000000E+00
   0.0000000E+00
   0.0000000E+00
   0.0000000E+00
   0.0000000E+00
   0.0000000E+00
   0.0000000E+00
   0.0000000E+00
   0.0000000E+00
   0.0000000E+00
   0.0000000E+00
   0.0000000E+00
   0.0000000E+00
   0.0000000E+00
   0.0000000E+00
   0.0000000E+00
   0.0000000E+00
   0.0000000E+00
   0.0000000E+00
   0.0000000E+00
   0.0000000E+00
   0.0000000E+00
   0.0000000E+00
   0.0000000E+00
   0.0000000E+00
   0.0000000E+00
   0.0000000E+00
   0.0000000E+00
   7.8926074E-05
   1.4349302E-04
   3.9752521E-07
   4.8434184E-10
   4.6727988E-10
   8.2520651E-10
   4.4094124E-11
   1.2822848E-10
   2.7579390E-11
   1.0458734E-11
   7.8203665E-13
   1.4690681E-13
   2.2792521E-16
   6.0875437E-17
   6.2481356E-19
   2.2699017E-21
   0.0000000E+00
   0.0000000E+00
   0.0000000E+00
   0.0000000E+00
   0.0000000E+00
   0.0000000E+00
   0.0000000E+00
   0.0000000E+00
   0.0000000E+00
   0.0000000E+00
   0.0000000E+00
   0.0000000E+00
   0.0000000E+00
   0.0000000E+00
   0.0000000E+00
   0.0000000E+00
   0.0000000E+00
   0.0000000E+00
   0.0000000E+00
   0.0000000E+00
   0.0000000E+00
   0.0000000E+00
   0.0000000E+00
   0.0000000E+00
   0.0000000E+00
   0.0000000E+00
   0.0000000E+00
   0.0000000E+00
   0.0000000E+00
   0.0000000E+00
   0.0000000E+00
   0.0000000E+00
   0.0000000E+00
   0.0000000E+00
   0.0000000E+00
   0.0000000E+00
   0.0000000E+00
   0.0000000E+00
   0.0000000E+00
   0.0000000E+00
   0.0000000E+00
   0.0000000E+00
   0.0000000E+00
   0.0000000E+00
   0.0000000E+00
   0.0000000E+00
   0.0000000E+00
   0.0000000E+00
   2.9186488E-04
   1.8579676E-04
   4.8695551E-07
   1.3595486E-08
   1.2605617E-09
   2.1515205E-10
   3.1467468E-11
   1.0167824E-10
   2.0428093E-11
   1.0595680E-11
   8.7501886E-13
   2.3810684E-13
   7.5154729E-16
   1.9543120E-16
   3.7809177E-18
   1.1406209E-20
   2.0223639E-23
   0.0000000E+00
   0.0000000E+00
   0.0000000E+00
   0.0000000E+00
   0.0000000E+00
   0.0000000E+00
   0.0000000E+00
   0.0000000E+00
   0.0000000E+00
   0.0000000E+00
   0.0000000E+00
   0.0000000E+00
   0.0000000E+00
   0.0000000E+00
   0.0000000E+00
   0.0000000E+00
   0.0000000E+00
   0.0000000E+00
   0.0000000E+00
   0.0000000E+00
   0.0000000E+00
   0.0000000E+00
   0.0000000E+00
   0.0000000E+00
   0.0000000E+00
   0.0000000E+00
   0.0000000E+00
   0.0000000E+00
   0.0000000E+00
   0.0000000E+00
   0.0000000E+00
   0.0000000E+00
   0.0000000E+00
   0.0000000E+00
   0.0000000E+00
   0.0000000E+00
   0.0000000E+00
   0.0000000E+00
   0.0000000E+00
   0.0000000E+00
   0.0000000E+00
   0.0000000E+00
   0.0000000E+00
   0.0000000E+00
   0.0000000E+00
   0.0000000E+00
   0.0000000E+00
   3.0394358E-06
   1.0923931E-04
   3.1651348E-07
   2.4350980E-08
   2.4930960E-10
   1.0694330E-10
   3.0706788E-11
   7.6094145E-11
   1.6183048E-11
   9.2221283E-12
   8.4020155E-13
   3.2331809E-13
   1.6739825E-15
   4.9007436E-16
   1.4973958E-17
   5.7761919E-20
   5.4607508E-23
   8.5198327E-24
   0.0000000E+00
   0.0000000E+00
   0.0000000E+00
   0.0000000E+00
   0.0000000E+00
   0.0000000E+00
   0.0000000E+00
   0.0000000E+00
   0.0000000E+00
   0.0000000E+00
   0.0000000E+00
   0.0000000E+00
   0.0000000E+00
   0.0000000E+00
   0.0000000E+00
   0.0000000E+00
   0.0000000E+00
   0.0000000E+00
   0.0000000E+00
   0.0000000E+00
   0.0000000E+00
   0.0000000E+00
   0.0000000E+00
   0.0000000E+00
   0.0000000E+00
   0.0000000E+00
   0.0000000E+00
   0.0000000E+00
   0.0000000E+00
   0.0000000E+00
   0.0000000E+00
   0.0000000E+00
   0.0000000E+00
   0.0000000E+00
   0.0000000E+00
   0.0000000E+00
   0.0000000E+00
   0.0000000E+00
   0.0000000E+00
   0.0000000E+00
   0.0000000E+00
   0.0000000E+00
   0.0000000E+00
   0.0000000E+00
   0.0000000E+00
   0.0000000E+00
   3.6110089E-04
   1.4855474E-04
   3.3151423E-07
   7.5551112E-09
   6.3437888E-10
   1.5459256E-10
   1.8642136E-11
   4.9960029E-11
   1.3122528E-11
   7.1322770E-12
   7.1772715E-13
   3.7426686E-13
   2.7616512E-15
   9.9026654E-16
   4.3665998E-17
   2.3051386E-19
   7.9579435E-22
   7.3877796E-23
   1.1157732E-25
   0.0000000E+00
   0.0000000E+00
   0.0000000E+00
   0.0000000E+00
   0.0000000E+00
   0.0000000E+00
   0.0000000E+00
   0.0000000E+00
   0.0000000E+00
   0.0000000E+00
   0.0000000E+00
   0.0000000E+00
   0.0000000E+00
   0.0000000E+00
   0.0000000E+00
   0.0000000E+00
   0.0000000E+00
   0.0000000E+00
   0.0000000E+00
   0.0000000E+00
   0.0000000E+00
   0.0000000E+00
   0.0000000E+00
   0.0000000E+00
   0.0000000E+00
   0.0000000E+00
   0.0000000E+00
   0.0000000E+00
   0.0000000E+00
   0.0000000E+00
   0.0000000E+00
   0.0000000E+00
   0.0000000E+00
   0.0000000E+00
   0.0000000E+00
   0.0000000E+00
   0.0000000E+00
   0.0000000E+00
   0.0000000E+00
   0.0000000E+00
   0.0000000E+00
   0.0000000E+00
   0.0000000E+00
   0.0000000E+00
   0.0000000E+00
   2.2953055E-04
   1.0460226E-04
   3.4602820E-07
   1.4121528E-08
   9.1720731E-10
   2.2156788E-10
   6.2007708E-12
   2.6312993E-11
   1.1236840E-11
   5.0500472E-12
   5.6994378E-13
   3.7258440E-13
   3.6310134E-15
   1.6527455E-15
   9.9555786E-17
   7.2248162E-19
   6.4879859E-21
   5.5894074E-22
   1.5684149E-24
   7.1372455E-26
   0.0000000E+00
   0.0000000E+00
   0.0000000E+00
   0.0000000E+00
   0.0000000E+00
   0.0000000E+00
   0.0000000E+00
   0.0000000E+00
   0.0000000E+00
   0.0000000E+00
   0.0000000E+00
   0.0000000E+00
   0.0000000E+00
   0.0000000E+00
   0.0000000E+00
   0.0000000E+00
   0.0000000E+00
   0.0000000E+00
   0.0000000E+00
   0.0000000E+00
   0.0000000E+00
   0.0000000E+00
   0.0000000E+00
   0.0000000E+00
   0.0000000E+00
   0.0000000E+00
   0.0000000E+00
   0.0000000E+00
   0.0000000E+00
   0.0000000E+00
   0.0000000E+00
   0.0000000E+00
   0.0000000E+00
   0.0000000E+00
   0.0000000E+00
   0.0000000E+00
   0.0000000E+00
   0.0000000E+00
   0.0000000E+00
   0.0000000E+00
   0.0000000E+00
   0.0000000E+00
   0.0000000E+00
   0.0000000E+00
   3.6189493E-04
   1.5239819E-04
   2.2850048E-07
   8.3317522E-09
   1.5544673E-09
   2.1012406E-10
   5.4216748E-12
   1.2565653E-11
   9.6792999E-12
   3.3208013E-12
   4.3182019E-13
   3.2214517E-13
   4.0202640E-15
   2.3165053E-15
   1.8374454E-16
   1.7933435E-18
   3.4093493E-20
   2.9463658E-21
   1.7304989E-23
   4.0687338E-25
   1.4258321E-27
   0.0000000E+00
   0.0000000E+00
   0.0000000E+00
   0.0000000E+00
   0.0000000E+00
   0.0000000E+00
   0.0000000E+00
   0.0000000E+00
   0.0000000E+00
   0.0000000E+00
   0.0000000E+00
   0.0000000E+00
   0.0000000E+00
   0.0000000E+00
   0.0000000E+00
   0.0000000E+00
   0.0000000E+00
   0.0000000E+00
   0.0000000E+00
   0.0000000E+00
   0.0000000E+00
   0.0000000E+00
   0.0000000E+00
   0.0000000E+00
   0.0000000E+00
   0.0000000E+00
   0.0000000E+00
   0.0000000E+00
   0.0000000E+00
   0.0000000E+00
   0.0000000E+00
   0.0000000E+00
   0.0000000E+00
   0.0000000E+00
   0.0000000E+00
   0.0000000E+00
   0.0000000E+00
   0.0000000E+00
   0.0000000E+00
   0.0000000E+00
   0.0000000E+00
   0.0000000E+00
   0.0000000E+00
   2.6791519E-04
   1.2332897E-04
   3.6926460E-07
   5.5437264E-09
   3.3347361E-10
   5.1580951E-11
   5.5587553E-12
   5.6537414E-12
   7.5244542E-12
   2.0818885E-12
   3.0965286E-13
   2.4536899E-13
   3.9380222E-15
   2.7517117E-15
   2.8255775E-16
   3.6582422E-18
   1.2832172E-19
   1.1835166E-20
   1.1149289E-22
   1.6598213E-24
   1.3116286E-26
   1.9497045E-28
   0.0000000E+00
   0.0000000E+00
   0.0000000E+00
   0.0000000E+00
   0.0000000E+00
   0.0000000E+00
   0.0000000E+00
   0.0000000E+00
   0.0000000E+00
   0.0000000E+00
   0.0000000E+00
   0.0000000E+00
   0.0000000E+00
   0.0000000E+00
   0.0000000E+00
   0.0000000E+00
   0.0000000E+00
   0.0000000E+00
   0.0000000E+00
   0.0000000E+00
   0.0000000E+00
   0.0000000E+00
   0.0000000E+00
   0.0000000E+00
   0.0000000E+00
   0.0000000E+00
   0.0000000E+00
   0.0000000E+00
   0.0000000E+00
   0.0000000E+00
   0.0000000E+00
   0.0000000E+00
   0.0000000E+00
   0.0000000E+00
   0.0000000E+00
   0.0000000E+00
   0.0000000E+00
   0.0000000E+00
   0.0000000E+00
   0.0000000E+00
   0.0000000E+00
   0.0000000E+00
   4.8704329E-04
   1.1256379E-04
   2.6325159E-07
   9.9113171E-09
   3.9331649E-10
   3.7261846E-11
   1.0702975E-11
   5.4246945E-12
   5.7116395E-12
   1.3012214E-12
   2.1247584E-13
   1.6671775E-13
   3.7630671E-15
   2.8122267E-15
   3.7032871E-16
   6.2519576E-18
   3.7432753E-19
   3.8312654E-20
   4.6901222E-22
   8.8062152E-24
   1.0563433E-25
   3.6691939E-27
   9.6566910E-29
   0.0000000E+00
   0.0000000E+00
   0.0000000E+00
   0.0000000E+00
   0.0000000E+00
   0.0000000E+00
   0.0000000E+00
   0.0000000E+00
   0.0000000E+00
   0.0000000E+00
   0.0000000E+00
   0.0000000E+00
   0.0000000E+00
   0.0000000E+00
   0.0000000E+00
   0.0000000E+00
   0.0000000E+00
   0.0000000E+00
   0.0000000E+00
   0.0000000E+00
   0.0000000E+00
   0.0000000E+00
   0.0000000E+00
   0.0000000E+00
   0.0000000E+00
   0.0000000E+00
   0.0000000E+00
   0.0000000E+00
   0.0000000E+00
   0.0000000E+00
   0.0000000E+00
   0.0000000E+00
   0.0000000E+00
   0.0000000E+00
   0.0000000E+00
   0.0000000E+00
   0.0000000E+00
   0.0000000E+00
   0.0000000E+00
   0.0000000E+00
   0.0000000E+00
   1.4301801E-04
   1.0865028E-04
   3.1852335E-07
   5.8286787E-10
   7.4286194E-10
   1.0464702E-11
   7.5365035E-12
   7.3972764E-12
   3.9021108E-12
   8.9285973E-13
   1.5085161E-13
   1.0205479E-13
   3.8134876E-15
   2.5231913E-15
   4.1766922E-16
   9.0490995E-18
   8.7818757E-19
   1.0054074E-19
   1.5360702E-21
   3.9970001E-23
   6.9098915E-25
   3.8331183E-26
   1.5671330E-28
   8.9407649E-30
   0.0000000E+00
   0.0000000E+00
   0.0000000E+00
   0.0000000E+00
   0.0000000E+00
   0.0000000E+00
   0.0000000E+00
   0.0000000E+00
   0.0000000E+00
   0.0000000E+00
   0.0000000E+00
   0.0000000E+00
   0.0000000E+00
   0.0000000E+00
   0.0000000E+00
   0.0000000E+00
   0.0000000E+00
   0.0000000E+00
   0.0000000E+00
   0.0000000E+00
   0.0000000E+00
   0.0000000E+00
   0.0000000E+00
   0.0000000E+00
   0.0000000E+00
   0.0000000E+00
   0.0000000E+00
   0.0000000E+00
   0.0000000E+00
   0.0000000E+00
   0.0000000E+00
   0.0000000E+00
   0.0000000E+00
   0.0000000E+00
   0.0000000E+00
   0.0000000E+00
   0.0000000E+00
   0.0000000E+00
   0.0000000E+00
   0.0000000E+00
   3.5425261E-04
   9.3629671E-05
   3.8868953E-07
   5.7311906E-09
   3.4704822E-11
   3.4863685E-11
   4.0761342E-13
   4.1321556E-12
   2.6548605E-12
   8.1745179E-13
   1.1908082E-13
   5.7821220E-14
   4.0248609E-15
   2.0207059E-15
   4.0756968E-16
   1.1221357E-17
   1.7028216E-18
   2.1858695E-19
   4.0376887E-21
   1.4004765E-22
   3.3563543E-24
   1.8418342E-25
   9.8183726E-28
   3.1492493E-29
   7.3749716E-31
   0.0000000E+00
   0.0000000E+00
   0.0000000E+00
   0.0000000E+00
   0.0000000E+00
   0.0000000E+00
   0.0000000E+00
   0.0000000E+00
   0.0000000E+00
   0.0000000E+00
   0.0000000E+00
   0.0000000E+00
   0.0000000E+00
   0.0000000E+00
   0.0000000E+00
   0.0000000E+00
   0.0000000E+00
   0.0000000E+00
   0.0000000E+00
   0.0000000E+00
   0.0000000E+00
   0.0000000E+00
   0.0000000E+00
   0.0000000E+00
   0.0000000E+00
   0.0000000E+00
   0.0000000E+00
   0.0000000E+00
   0.0000000E+00
   0.0000000E+00
   0.0000000E+00
   0.0000000E+00
   0.0000000E+00
   0.0000000E+00
   0.0000000E+00
   0.0000000E+00
   0.0000000E+00
   0.0000000E+00
   0.0000000E+00
   1.7419306E-04
   1.1278592E-04
   1.2620275E-07
   9.7922355E-09
   1.7083406E-11
   5.2545322E-11
   5.8752014E-12
   1.9638215E-12
   2.3384775E-12
   7.9875494E-13
   9.9140328E-14
   3.2987522E-14
   4.1142635E-15
   1.4598925E-15
   3.4684218E-16
   1.1961297E-17
   2.7539558E-18
   4.0117789E-19
   8.8131983E-21
   4.1281881E-22
   1.2146982E-23
   7.9831752E-25
   1.1511209E-26
   1.5180720E-28
   7.1183507E-30
   1.0837248E-31
   0.0000000E+00
   0.0000000E+00
   0.0000000E+00
   0.0000000E+00
   0.0000000E+00
   0.0000000E+00
   0.0000000E+00
   0.0000000E+00
   0.0000000E+00
   0.0000000E+00
   0.0000000E+00
   0.0000000E+00
   0.0000000E+00
   0.0000000E+00
   0.0000000E+00
   0.0000000E+00
   0.0000000E+00
   0.0000000E+00
   0.0000000E+00
   0.0000000E+00
   0.0000000E+00
   0.0000000E+00
   0.0000000E+00
   0.0000000E+00
   0.0000000E+00
   0.0000000E+00
   0.0000000E+00
   0.0000000E+00
   0.0000000E+00
   0.0000000E+00
   0.0000000E+00
   0.0000000E+00
   0.0000000E+00
   0.0000000E+00
   0.0000000E+00
   0.0000000E+00
   0.0000000E+00
   0.0000000E+00
   4.2427643E-04
   6.1780265E-05
   2.4703687E-07
   4.8703708E-09
   4.0201276E-10
   8.0761217E-11
   6.8579565E-12
   1.4514682E-12
   1.6656879E-12
   6.6711849E-13
   7.5381995E-14
   2.1275145E-14
   3.8760071E-15
   9.6385308E-16
   2.5972076E-16
   1.0819106E-17
   3.7583344E-18
   6.2602259E-19
   1.6182255E-20
   1.0157816E-21
   3.5104033E-23
   2.8944383E-24
   5.2915563E-26
   3.2131601E-28
   1.7604471E-29
   7.1255628E-31
   1.0978316E-31
   0.0000000E+00
   0.0000000E+00
   0.0000000E+00
   0.0000000E+00
   0.0000000E+00
   0.0000000E+00
   0.0000000E+00
   0.0000000E+00
   0.0000000E+00
   0.0000000E+00
   0.0000000E+00
   0.0000000E+00
   0.0000000E+00
   0.0000000E+00
   0.0000000E+00
   0.0000000E+00
   0.0000000E+00
   0.0000000E+00
   0.0000000E+00
   0.0000000E+00
   0.0000000E+00
   0.0000000E+00
   0.0000000E+00
   0.0000000E+00
   0.0000000E+00
   0.0000000E+00
   0.0000000E+00
   0.0000000E+00
   0.0000000E+00
   0.0000000E+00
   0.0000000E+00
   0.0000000E+00
   0.0000000E+00
   0.0000000E+00
   0.0000000E+00
   0.0000000E+00
   0.0000000E+00
   4.3027656E-05
   8.7934168E-05
   6.2743183E-08
   7.1652240E-09
   6.5445753E-11
   3.5993417E-12
   4.2449533E-12
   5.2376669E-13
   1.2922620E-12
   4.7958111E-13
   5.0915638E-14
   1.6546474E-14
   3.4247609E-15
   5.9678035E-16
   1.7208561E-16
   8.2883655E-18
   4.3549496E-18
   8.3309816E-19
   2.5635954E-20
   2.1583868E-21
   8.6174263E-23
   8.4270784E-24
   1.8299110E-25
   1.2738470E-27
   1.0808108E-29
   1.6205689E-30
   1.8438165E-32
   7.2179461E-32
   0.0000000E+00
   0.0000000E+00
   0.0000000E+00
   0.0000000E+00
   0.0000000E+00
   0.0000000E+00
   0.0000000E+00
   0.0000000E+00
   0.0000000E+00
   0.0000000E+00
   0.0000000E+00
   0.0000000E+00
   0.0000000E+00
   0.0000000E+00
   0.0000000E+00
   0.0000000E+00
   0.0000000E+00
   0.0000000E+00
   0.0000000E+00
   0.0000000E+00
   0.0000000E+00
   0.0000000E+00
   0.0000000E+00
   0.0000000E+00
   0.0000000E+00
   0.0000000E+00
   0.0000000E+00
   0.0000000E+00
   0.0000000E+00
   0.0000000E+00
   0.0000000E+00
   0.0000000E+00
   0.0000000E+00
   0.0000000E+00
   0.0000000E+00
   0.0000000E+00
   1.6249117E-04
   5.9183083E-05
   1.2949184E-07
   1.2869542E-09
   1.8253481E-10
   3.9113626E-11
   8.5076148E-12
   7.0577897E-13
   1.2340316E-12
   2.6413997E-13
   3.7188223E-14
   1.5765121E-14
   2.9612975E-15
   3.5879265E-16
   1.0319443E-16
   5.5927038E-18
   4.2910917E-18
   9.4546455E-19
   3.5628802E-20
   3.9875744E-21
   1.7752857E-22
   2.0750574E-23
   5.6426969E-25
   4.2221600E-27
   1.0305772E-28
   3.7941331E-30
   1.3722823E-31
   1.1042861E-32
   1.7538580E-32
   0.0000000E+00
   0.0000000E+00
   0.0000000E+00
   0.0000000E+00
   0.0000000E+00
   0.0000000E+00
   0.0000000E+00
   0.0000000E+00
   0.0000000E+00
   0.0000000E+00
   0.0000000E+00
   0.0000000E+00
   0.0000000E+00
   0.0000000E+00
   0.0000000E+00
   0.0000000E+00
   0.0000000E+00
   0.0000000E+00
   0.0000000E+00
   0.0000000E+00
   0.0000000E+00
   0.0000000E+00
   0.0000000E+00
   0.0000000E+00
   0.0000000E+00
   0.0000000E+00
   0.0000000E+00
   0.0000000E+00
   0.0000000E+00
   0.0000000E+00
   0.0000000E+00
   0.0000000E+00
   0.0000000E+00
   0.0000000E+00
   0.0000000E+00
   1.5879134E-04
   5.0002491E-05
   3.3424530E-07
   1.2339027E-08
   2.7559120E-11
   5.4873944E-12
   7.1999936E-13
   4.5755977E-13
   8.7408211E-13
   1.7202486E-13
   3.4933556E-14
   1.6183484E-14
   2.5169679E-15
   2.2789276E-16
   6.1541702E-17
   3.8428272E-18
   3.5846927E-18
   9.1562142E-19
   4.3985193E-20
   6.4557917E-21
   3.1018806E-22
   4.4119883E-23
   1.4157107E-24
   1.1908731E-26
   4.6570108E-28
   1.0526312E-29
   1.4005791E-31
   1.5911190E-32
   7.7127476E-33
   8.3026959E-33
   0.0000000E+00
   0.0000000E+00
   0.0000000E+00
   0.0000000E+00
   0.0000000E+00
   0.0000000E+00
   0.0000000E+00
   0.0000000E+00
   0.0000000E+00
   0.0000000E+00
   0.0000000E+00
   0.0000000E+00
   0.0000000E+00
   0.0000000E+00
   0.0000000E+00
   0.0000000E+00
   0.0000000E+00
   0.0000000E+00
   0.0000000E+00
   0.0000000E+00
   0.0000000E+00
   0.0000000E+00
   0.0000000E+00
   0.0000000E+00
   0.0000000E+00
   0.0000000E+00
   0.0000000E+00
   0.0000000E+00
   0.0000000E+00
   0.0000000E+00
   0.0000000E+00
   0.0000000E+00
   0.0000000E+00
   0.0000000E+00
   1.2145784E-04
   5.5337510E-05
   9.2522114E-08
   2.5583455E-09
   1.9663274E-10
   5.4144436E-12
   5.7314987E-13
   5.3372611E-13
   7.2398381E-13
   2.3208044E-13
   3.5455850E-14
   1.4821550E-14
   2.0655697E-15
   1.7291488E-16
   4.4013281E-17
   3.3526794E-18
   2.5578976E-18
   7.5556213E-19
   4.9164653E-20
   9.2298913E-21
   4.7126717E-22
   8.1038015E-23
   2.9865718E-24
   3.3847763E-26
   1.5808689E-27
   3.5210444E-29
   4.7736384E-31
   4.1219374E-32
   1.8977029E-32
   1.6745406E-32
   8.6670439E-32
   0.0000000E+00
   0.0000000E+00
   0.0000000E+00
   0.0000000E+00
   0.0000000E+00
   0.0000000E+00
   0.0000000E+00
   0.0000000E+00
   0.0000000E+00
   0.0000000E+00
   0.0000000E+00
   0.0000000E+00
   0.0000000E+00
   0.0000000E+00
   0.0000000E+00
   0.0000000E+00
   0.0000000E+00
   0.0000000E+00
   0.0000000E+00
   0.0000000E+00
   0.0000000E+00
   0.0000000E+00
   0.0000000E+00
   0.0000000E+00
   0.0000000E+00
   0.0000000E+00
   0.0000000E+00
   0.0000000E+00
   0.0000000E+00
   0.0000000E+00
   0.0000000E+00
   0.0000000E+00
   0.0000000E+00
   3.7123446E-05
   5.1881685E-05
   8.4914525E-08
   3.2556040E-09
   1.6513650E-10
   1.3713169E-11
   1.8708657E-12
   7.5944925E-13
   5.6819680E-13
   2.5028913E-13
   3.0977343E-14
   1.0807603E-14
   1.5761329E-15
   1.4745794E-16
   4.0050388E-17
   3.5793214E-18
   1.6159544E-18
   5.3436653E-19
   5.1493341E-20
   1.1738079E-20
   6.2341363E-22
   1.2876905E-22
   5.5086177E-24
   8.1808389E-26
   4.5176057E-27
   1.2136723E-28
   2.6492656E-30
   5.7909718E-32
   8.1409884E-32
   9.5791733E-33
   9.2308375E-34
   1.2849437E-32
   0.0000000E+00
   0.0000000E+00
   0.0000000E+00
   0.0000000E+00
   0.0000000E+00
   0.0000000E+00
   0.0000000E+00
   0.0000000E+00
   0.0000000E+00
   0.0000000E+00
   0.0000000E+00
   0.0000000E+00
   0.0000000E+00
   0.0000000E+00
   0.0000000E+00
   0.0000000E+00
   0.0000000E+00
   0.0000000E+00
   0.0000000E+00
   0.0000000E+00
   0.0000000E+00
   0.0000000E+00
   0.0000000E+00
   0.0000000E+00
   0.0000000E+00
   0.0000000E+00
   0.0000000E+00
   0.0000000E+00
   0.0000000E+00
   0.0000000E+00
   0.0000000E+00
   0.0000000E+00
   9.1786409E-05
   3.6145670E-05
   1.1334740E-07
   1.9867203E-09
   2.3630950E-10
   1.9012967E-11
   7.0433140E-13
   6.9363250E-14
   2.8856054E-13
   1.8374275E-13
   2.0489315E-14
   5.9258921E-15
   1.1860345E-15
   1.2175222E-16
   3.9116015E-17
   3.8197823E-18
   9.9369341E-19
   3.3663382E-19
   5.2074121E-20
   1.3360492E-20
   7.1933053E-22
   1.7923340E-22
   8.8695655E-24
   1.6659942E-25
   1.1229346E-26
   3.3755430E-28
   1.0292116E-29
   2.9529972E-31
   1.4483295E-32
   2.8697349E-32
   3.9545240E-32
   6.6250296E-33
   1.1802823E-33
   0.0000000E+00
   0.0000000E+00
   0.0000000E+00
   0.0000000E+00
   0.0000000E+00
   0.0000000E+00
   0.0000000E+00
   0.0000000E+00
   0.0000000E+00
   0.0000000E+00
   0.0000000E+00
   0.0000000E+00
   0.0000000E+00
   0.0000000E+00
   0.0000000E+00
   0.0000000E+00
   0.0000000E+00
   0.0000000E+00
   0.0000000E+00
   0.0000000E+00
   0.0000000E+00
   0.0000000E+00
   0.0000000E+00
   0.0000000E+00
   0.0000000E+00
   0.0000000E+00
   0.0000000E+00
   0.0000000E+00
   0.0000000E+00
   0.0000000E+00
   0.0000000E+00
   5.1196661E-05
   3.4648634E-05
   6.8958194E-08
   2.3361537E-09
   1.2854692E-10
   1.0960731E-11
   2.4623665E-12
   1.2443716E-13
   2.4773941E-13
   8.9359428E-14
   1.1244450E-14
   3.1360086E-15
   1.1228757E-15
   1.0016467E-16
   3.7429668E-17
   3.8595838E-18
   6.8340075E-19
   2.1201811E-19
   5.1343576E-20
   1.3667723E-20
   7.3481230E-22
   2.1885559E-22
   1.2399742E-23
   3.0003486E-25
   2.4246923E-26
   8.2861605E-28
   3.5193165E-29
   1.2241175E-30
   5.0483997E-32
   1.3379016E-33
   1.0791926E-31
   1.5019901E-32
   4.0303475E-32
   7.5371023E-33
   0.0000000E+00
   0.0000000E+00
   0.0000000E+00
   0.0000000E+00
   0.0000000E+00
   0.0000000E+00
   0.0000000E+00
   0.0000000E+00
   0.0000000E+00
   0.0000000E+00
   0.0000000E+00
   0.0000000E+00
   0.0000000E+00
   0.0000000E+00
   0.0000000E+00
   0.0000000E+00
   0.0000000E+00
   0.0000000E+00
   0.0000000E+00
   0.0000000E+00
   0.0000000E+00
   0.0000000E+00
   0.0000000E+00
   0.0000000E+00
   0.0000000E+00
   0.0000000E+00
   0.0000000E+00
   0.0000000E+00
   0.0000000E+00
   0.0000000E+00
   4.9440641E-05
   3.4082663E-05
   2.1045668E-08
   1.4377091E-10
   6.1513725E-11
   2.5834323E-11
   6.6139965E-14
   2.1625877E-13
   2.5367138E-13
   3.9029357E-14
   1.1175308E-14
   3.7800802E-15
   1.3196305E-15
   1.0332557E-16
   3.6301983E-17
   3.8739126E-18
   5.5796967E-19
   1.5838888E-19
   4.8903803E-20
   1.2695247E-20
   6.8089909E-22
   2.3404880E-22
   1.5173309E-23
   4.8079825E-25
   4.7239493E-26
   1.8236575E-27
   8.7966032E-29
   4.0080355E-30
   7.5532142E-32
   9.4058437E-33
   4.6737276E-32
   6.5846991E-33
   1.4664756E-32
   7.4602771E-33
   8.4931259E-33
   0.0000000E+00
   0.0000000E+00
   0.0000000E+00
   0.0000000E+00
   0.0000000E+00
   0.0000000E+00
   0.0000000E+00
   0.0000000E+00
   0.0000000E+00
   0.0000000E+00
   0.0000000E+00
   0.0000000E+00
   0.0000000E+00
   0.0000000E+00
   0.0000000E+00
   0.0000000E+00
   0.0000000E+00
   0.0000000E+00
   0.0000000E+00
   0.0000000E+00
   0.0000000E+00
   0.0000000E+00
   0.0000000E+00
   0.0000000E+00
   0.0000000E+00
   0.0000000E+00
   0.0000000E+00
   0.0000000E+00
   0.0000000E+00
   2.3490205E-05
   2.9638039E-05
   5.2509577E-08
   5.7964006E-10
   3.3941020E-11
   1.7477633E-12
   4.0085462E-13
   2.2443885E-13
   1.3601076E-13
   4.4069925E-14
   1.3069238E-14
   5.5510283E-15
   1.4085060E-15
   1.2935501E-16
   3.5379372E-17
   3.9508098E-18
   5.1891020E-19
   1.4346278E-19
   4.4144662E-20
   1.0835464E-20
   5.9825025E-22
   2.1934872E-22
   1.6317561E-23
   6.9280950E-25
   8.2087245E-26
   3.3694349E-27
   1.9615684E-28
   1.1471457E-29
   1.7934386E-31
   1.2823005E-32
   1.0393405E-31
   2.6863903E-33
   6.2624601E-33
   2.8808257E-33
   1.8466752E-32
   2.4469417E-32
   0.0000000E+00
   0.0000000E+00
   0.0000000E+00
   0.0000000E+00
   0.0000000E+00
   0.0000000E+00
   0.0000000E+00
   0.0000000E+00
   0.0000000E+00
   0.0000000E+00
   0.0000000E+00
   0.0000000E+00
   0.0000000E+00
   0.0000000E+00
   0.0000000E+00
   0.0000000E+00
   0.0000000E+00
   0.0000000E+00
   0.0000000E+00
   0.0000000E+00
   0.0000000E+00
   0.0000000E+00
   0.0000000E+00
   0.0000000E+00
   0.0000000E+00
   0.0000000E+00
   0.0000000E+00
   0.0000000E+00
   4.8534475E-05
   2.4764639E-05
   4.6548756E-08
   3.7599002E-10
   1.9580636E-11
   3.8519114E-12
   7.5906604E-13
   4.1931719E-14
   7.9352933E-14
   5.7744540E-14
   9.9572348E-15
   5.1216482E-15
   1.1281350E-15
   1.4317349E-16
   3.1736994E-17
   3.8341418E-18
   5.1444937E-19
   1.3720976E-19
   3.7277728E-20
   8.6544806E-21
   5.2886119E-22
   1.7948292E-22
   1.5444779E-23
   8.9651350E-25
   1.2636134E-25
   5.4655273E-27
   3.8492929E-28
   2.6776836E-29
   7.3094171E-31
   1.0517130E-32
   4.5847577E-32
   4.8974632E-33
   2.0754027E-32
   1.6223072E-32
   1.0886783E-32
   2.0669957E-32
   1.0445403E-31
   0.0000000E+00
   0.0000000E+00
   0.0000000E+00
   0.0000000E+00
   0.0000000E+00
   0.0000000E+00
   0.0000000E+00
   0.0000000E+00
   0.0000000E+00
   0.0000000E+00
   0.0000000E+00
   0.0000000E+00
   0.0000000E+00
   0.0000000E+00
   0.0000000E+00
   0.0000000E+00
   0.0000000E+00
   0.0000000E+00
   0.0000000E+00
   0.0000000E+00
   0.0000000E+00
   0.0000000E+00
   0.0000000E+00
   0.0000000E+00
   0.0000000E+00
   0.0000000E+00
   0.0000000E+00
   1.4178260E-05
   2.9154948E-05
   1.6556662E-08
   1.1071180E-09
   4.8197758E-11
   2.8328819E-12
   5.5624320E-13
   1.3419527E-13
   6.0159153E-14
   6.4073685E-14
   6.1696880E-15
   2.6558364E-15
   6.5639680E-16
   1.2083787E-16
   2.4234389E-17
   3.3239707E-18
   4.9580461E-19
   1.2633166E-19
   2.9760084E-20
   6.6675479E-21
   4.8882164E-22
   1.2785695E-22
   1.2939469E-23
   1.0445167E-24
   1.7590398E-25
   7.9358583E-27
   6.7468735E-28
   5.7824313E-29
   1.2029548E-30
   2.1361504E-32
   3.3322488E-32
   1.0613738E-32
   1.1705250E-32
   9.6180704E-33
   9.2607458E-33
   2.2330847E-32
   1.5494594E-31
   2.5113972E-32
   0.0000000E+00
   0.0000000E+00
   0.0000000E+00
   0.0000000E+00
   0.0000000E+00
   0.0000000E+00
   0.0000000E+00
   0.0000000E+00
   0.0000000E+00
   0.0000000E+00
   0.0000000E+00
   0.0000000E+00
   0.0000000E+00
   0.0000000E+00
   0.0000000E+00
   0.0000000E+00
   0.0000000E+00
   0.0000000E+00
   0.0000000E+00
   0.0000000E+00
   0.0000000E+00
   0.0000000E+00
   0.0000000E+00
   0.0000000E+00
   0.0000000E+00
   0.0000000E+00
   3.2123495E-05
   2.0868445E-05
   3.9885723E-08
   1.2861283E-10
   1.6863158E-11
   2.7417923E-12
   7.3035143E-13
   1.7027382E-13
   3.4760321E-14
   5.3346098E-14
   5.2930678E-15
   8.7175043E-16
   4.0520733E-16
   8.3118529E-17
   1.6911597E-17
   2.7676702E-18
   4.1730595E-19
   1.0708475E-19
   2.3165859E-20
   5.1656032E-21
   4.6676332E-22
   7.9735908E-23
   9.6887589E-24
   1.1076599E-24
   2.2232504E-25
   1.0057293E-26
   1.0008727E-27
   1.0718270E-28
   2.1140267E-30
   2.1236798E-32
   5.6176575E-32
   1.3105344E-32
   2.2848541E-32
   9.8871396E-33
   8.0569382E-33
   1.6256017E-32
   6.5416149E-32
   1.2825897E-32
   1.6968255E-33
   0.0000000E+00
   0.0000000E+00
   0.0000000E+00
   0.0000000E+00
   0.0000000E+00
   0.0000000E+00
   0.0000000E+00
   0.0000000E+00
   0.0000000E+00
   0.0000000E+00
   0.0000000E+00
   0.0000000E+00
   0.0000000E+00
   0.0000000E+00
   0.0000000E+00
   0.0000000E+00
   0.0000000E+00
   0.0000000E+00
   0.0000000E+00
   0.0000000E+00
   0.0000000E+00
   0.0000000E+00
   0.0000000E+00
   0.0000000E+00
   0.0000000E+00
   8.9457762E-06
   2.3301347E-05
   2.0216634E-08
   1.9248703E-10
   6.3077642E-12
   1.5459221E-13
   1.5612499E-12
   2.7324120E-13
   5.6003369E-14
   2.4176062E-14
   5.7825271E-15
   1.0579822E-15
   4.9424817E-16
   6.7157232E-17
   1.5639016E-17
   2.7389526E-18
   2.9096091E-19
   7.9169140E-20
   1.8087624E-20
   4.1850755E-21
   4.4187611E-22
   4.5076351E-23
   6.6746081E-24
   1.0792765E-24
   2.5136215E-25
   1.1458753E-26
   1.2878170E-27
   1.7222096E-28
   3.5280637E-30
   1.1137402E-31
   4.5778208E-32
   1.3485058E-32
   1.7322903E-32
   7.3451808E-33
   1.8035203E-32
   1.3110281E-32
   5.0288759E-32
   1.2184740E-32
   6.8026600E-33
   4.2791227E-33
   0.0000000E+00
   0.0000000E+00
   0.0000000E+00
   0.0000000E+00
   0.0000000E+00
   0.0000000E+00
   0.0000000E+00
   0.0000000E+00
   0.0000000E+00
   0.0000000E+00
   0.0000000E+00
   0.0000000E+00
   0.0000000E+00
   0.0000000E+00
   0.0000000E+00
   0.0000000E+00
   0.0000000E+00
   0.0000000E+00
   0.0000000E+00
   0.0000000E+00
   0.0000000E+00
   0.0000000E+00
   0.0000000E+00
   0.0000000E+00
   2.3423867E-05
   1.7688726E-05
   2.8336940E-08
   1.8112503E-10
   1.1258816E-11
   3.2607393E-12
   8.3850754E-13
   1.6053119E-13
   1.1105513E-13
   9.8293396E-15
   3.9535326E-15
   1.8426181E-15
   6.4355483E-16
   7.9197031E-17
   1.9998018E-17
   3.2310562E-18
   1.9844433E-19
   4.8602674E-20
   1.4269530E-20
   3.5827858E-21
   4.0422561E-22
   2.6362903E-23
   4.5176238E-24
   9.8550529E-25
   2.6341446E-25
   1.2546293E-26
   1.4266573E-27
   2.3163766E-28
   5.4545093E-30
   2.6553808E-31
   7.7848430E-32
   3.7032136E-32
   1.0782818E-32
   6.1523651E-33
   2.0317474E-32
   2.0760549E-33
   3.1755566E-32
   8.1219739E-33
   2.8634557E-33
   2.8504697E-33
   5.1853414E-33
   0.0000000E+00
   0.0000000E+00
   0.0000000E+00
   0.0000000E+00
   0.0000000E+00
   0.0000000E+00
   0.0000000E+00
   0.0000000E+00
   0.0000000E+00
   0.0000000E+00
   0.0000000E+00
   0.0000000E+00
   0.0000000E+00
   0.0000000E+00
   0.0000000E+00
   0.0000000E+00
   0.0000000E+00
   0.0000000E+00
   0.0000000E+00
   0.0000000E+00
   0.0000000E+00
   0.0000000E+00
   0.0000000E+00
   6.6750872E-06
   1.9292576E-05
   1.4369022E-08
   1.6777355E-10
   4.8475800E-11
   3.3769112E-12
   6.6209180E-13
   1.9549478E-13
   1.4175431E-13
   2.6480479E-14
   1.8485888E-15
   1.5699303E-15
   5.5402069E-16
   9.0824908E-17
   2.2789294E-17
   3.4923044E-18
   1.9654128E-19
   2.6959737E-20
   1.1406859E-20
   3.1503580E-21
   3.5675105E-22
   2.0209766E-23
   3.2708895E-24
   8.7173784E-25
   2.6277864E-25
   1.4289913E-26
   1.2805335E-27
   2.7100839E-28
   5.4148438E-30
   2.9706327E-31
   1.8305663E-31
   1.9901230E-32
   1.5252277E-32
   4.2440904E-33
   1.1086128E-32
   2.9135125E-33
   2.7375259E-32
   8.2815237E-33
   2.4201737E-34
   4.7848696E-33
   8.3191976E-33
   6.1149242E-33
   0.0000000E+00
   0.0000000E+00
   0.0000000E+00
   0.0000000E+00
   0.0000000E+00
   0.0000000E+00
   0.0000000E+00
   0.0000000E+00
   0.0000000E+00
   0.0000000E+00
   0.0000000E+00
   0.0000000E+00
   0.0000000E+00
   0.0000000E+00
   0.0000000E+00
   0.0000000E+00
   0.0000000E+00
   0.0000000E+00
   0.0000000E+00
   0.0000000E+00
   0.0000000E+00
   0.0000000E+00
   1.6259497E-05
   1.5541382E-05
   1.1034462E-08
   1.8674380E-10
   3.9969743E-11
   6.6414743E-12
   8.4897036E-13
   4.0623589E-13
   1.3702031E-13
   4.8523367E-14
   3.0048759E-15
   6.4987401E-16
   2.8388015E-16
   7.7782023E-17
   1.8971520E-17
   2.9633311E-18
   2.4129947E-19
   2.0656257E-20
   9.3631716E-21
   2.7269089E-21
   3.0772277E-22
   2.0581353E-23
   2.6167952E-24
   7.7917054E-25
   2.5676639E-25
   1.8243179E-26
   9.3819703E-28
   2.7037033E-28
   5.3628369E-30
   4.7258066E-31
   2.1424788E-31
   1.0655846E-32
   1.7529467E-32
   4.4390854E-33
   1.8716473E-33
   6.6947893E-33
   5.1410722E-32
   3.7929503E-32
   8.3994368E-33
   2.8095058E-32
   2.9602526E-33
   1.9444083E-33
   9.4534409E-33
   0.0000000E+00
   0.0000000E+00
   0.0000000E+00
   0.0000000E+00
   0.0000000E+00
   0.0000000E+00
   0.0000000E+00
   0.0000000E+00
   0.0000000E+00
   0.0000000E+00
   0.0000000E+00
   0.0000000E+00
   0.0000000E+00
   0.0000000E+00
   0.0000000E+00
   0.0000000E+00
   0.0000000E+00
   0.0000000E+00
   0.0000000E+00
   0.0000000E+00
   0.0000000E+00
   5.1011875E-06
   1.5950904E-05
   8.0299181E-09
   2.0129806E-11
   1.5885853E-11
   6.0855405E-12
   1.8464837E-12
   3.5567217E-13
   9.0191011E-14
   4.3578287E-14
   5.0060431E-15
   2.1918137E-16
   1.1254017E-16
   5.0596745E-17
   1.1668852E-17
   2.0654276E-18
   2.4369503E-19
   2.3115076E-20
   7.8747853E-21
   2.2685228E-21
   2.6240240E-22
   2.2010647E-23
   2.2104559E-24
   7.2810442E-25
   2.5755729E-25
   2.5589144E-26
   6.0975005E-28
   2.1892489E-28
   4.4814686E-30
   1.0502784E-30
   2.7251439E-31
   3.8376673E-32
   8.8375627E-33
   1.1856484E-32
   1.2085313E-32
   1.4881260E-32
   4.8128894E-32
   3.4130625E-32
   1.0037555E-32
   2.4250858E-33
   4.4457494E-33
   1.0672873E-33
   5.1767631E-32
   1.6833720E-32
   0.0000000E+00
   0.0000000E+00
   0.0000000E+00
   0.0000000E+00
   0.0000000E+00
   0.0000000E+00
   0.0000000E+00
   0.0000000E+00
   0.0000000E+00
   0.0000000E+00
   0.0000000E+00
   0.0000000E+00
   0.0000000E+00
   0.0000000E+00
   0.0000000E+00
   0.0000000E+00
   0.0000000E+00
   0.0000000E+00
   0.0000000E+00
   0.0000000E+00
   1.2069003E-05
   1.3441584E-05
   5.8750906E-09
   2.5424744E-11
   3.2922502E-11
   6.1831755E-12
   1.3886878E-12
   1.8812932E-13
   8.5651734E-14
   1.9431149E-14
   3.8164827E-15
   3.1636421E-16
   1.2606524E-16
   3.4779034E-17
   7.7529563E-18
   1.6433875E-18
   1.8138354E-19
   2.2402956E-20
   6.4207165E-21
   1.8110312E-21
   2.2149432E-22
   2.1498880E-23
   1.8572432E-24
   7.0811088E-25
   2.6628900E-25
   3.5419602E-26
   5.9523691E-28
   1.4524676E-28
   4.9614073E-30
   1.4481158E-30
   2.7254866E-31
   3.4816074E-32
   1.8100155E-32
   3.1535116E-33
   8.1653323E-32
   1.0125171E-32
   3.1862165E-32
   4.8712078E-33
   1.9108736E-32
   6.5947708E-34
   3.1729035E-32
   3.8185504E-33
   6.3356430E-32
   3.7862302E-33
   1.4306986E-32
   0.0000000E+00
   0.0000000E+00
   0.0000000E+00
   0.0000000E+00
   0.0000000E+00
   0.0000000E+00
   0.0000000E+00
   0.0000000E+00
   0.0000000E+00
   0.0000000E+00
   0.0000000E+00
   0.0000000E+00
   0.0000000E+00
   0.0000000E+00
   0.0000000E+00
   0.0000000E+00
   0.0000000E+00
   0.0000000E+00
   0.0000000E+00
   3.9189295E-06
   1.3647537E-05
   5.8078622E-09
   8.1944042E-11
   4.9706416E-11
   8.0053438E-12
   5.8093585E-13
   1.0039426E-13
   1.0507894E-13
   1.0314236E-14
   1.1038515E-15
   3.9196669E-16
   1.8306950E-16
   3.5332507E-17
   8.9714760E-18
   1.8725109E-18
   1.1596355E-19
   1.4794366E-20
   4.6708369E-21
   1.3998843E-21
   1.8599605E-22
   1.8738812E-23
   1.5015669E-24
   6.8744470E-25
   2.7556622E-25
   4.4908523E-26
   1.0206321E-27
   8.7547316E-29
   8.0959617E-30
   2.6183497E-30
   7.9066759E-31
   4.7270457E-32
   2.8592418E-33
   1.8849572E-33
   3.6269232E-32
   1.5092871E-32
   1.1803892E-31
   3.4272647E-33
   1.9114811E-33
   4.0163600E-33
   1.3130029E-32
   1.8522185E-32
   2.3274261E-32
   1.1140900E-32
   6.7750587E-33
   1.9290291E-32
   0.0000000E+00
   0.0000000E+00
   0.0000000E+00
   0.0000000E+00
   0.0000000E+00
   0.0000000E+00
   0.0000000E+00
   0.0000000E+00
   0.0000000E+00
   0.0000000E+00
   0.0000000E+00
   0.0000000E+00
   0.0000000E+00
   0.0000000E+00
   0.0000000E+00
   0.0000000E+00
   0.0000000E+00
   0.0000000E+00
   9.0283702E-06
   1.1869916E-05
   5.9897936E-09
   8.2917215E-11
   3.4025002E-11
   6.1522992E-12
   7.6966710E-13
   1.4581224E-13
   8.1256968E-14
   1.5964692E-14
   7.2406081E-16
   3.0305907E-16
   1.5886681E-16
   3.7371560E-17
   1.0791469E-17
   2.0944292E-18
   1.0176925E-19
   6.7393304E-21
   2.8991115E-21
   1.0580030E-21
   1.5696656E-22
   1.5082664E-23
   1.1592340E-24
   6.3611766E-25
   2.7314427E-25
   5.0084714E-26
   1.7365265E-27
   7.1025751E-29
   1.9157052E-29
   4.4080948E-30
   9.5722499E-31
   6.8554178E-32
   2.4681391E-32
   4.8857604E-33
   4.4793520E-32
   3.1170863E-32
   3.7960671E-32
   2.3101560E-32
   2.8058618E-32
   1.1169885E-32
   4.7408462E-33
   1.1145309E-32
   2.7507459E-33
   5.4334927E-33
   6.7418040E-34
   8.2505245E-33
   2.6609072E-32
   0.0000000E+00
   0.0000000E+00
   0.0000000E+00
   0.0000000E+00
   0.0000000E+00
   0.0000000E+00
   0.0000000E+00
   0.0000000E+00
   0.0000000E+00
   0.0000000E+00
   0.0000000E+00
   0.0000000E+00
   0.0000000E+00
   0.0000000E+00
   0.0000000E+00
   0.0000000E+00
   0.0000000E+00
   2.9210112E-06
   1.1936970E-05
   5.4423852E-09
   1.3681766E-11
   9.9892811E-12
   3.5664017E-12
   1.0246811E-12
   1.1810458E-13
   3.5719285E-14
   1.7059620E-14
   1.9088421E-15
   2.0337821E-16
   7.5406446E-17
   2.9782281E-17
   9.2496155E-18
   1.7498989E-18
   1.2029695E-19
   4.2253137E-21
   1.6989870E-21
   7.8696345E-22
   1.3220194E-22
   1.1891197E-23
   8.8067810E-25
   5.4814666E-25
   2.5134440E-25
   4.8762432E-26
   2.4107437E-27
   9.8622130E-29
   3.0589299E-29
   5.8381531E-30
   1.0219583E-30
   1.2336425E-31
   2.3525706E-32
   2.1060772E-32
   5.1049956E-32
   1.6432261E-32
   1.2548393E-32
   1.7920563E-32
   1.7831551E-32
   1.7884239E-33
   1.3596494E-32
   4.5855553E-33
   9.9809779E-32
   1.5730537E-33
   1.9735291E-32
   2.0392369E-32
   8.4765015E-33
   8.3525010E-32
   0.0000000E+00
   0.0000000E+00
   0.0000000E+00
   0.0000000E+00
   0.0000000E+00
   0.0000000E+00
   0.0000000E+00
   0.0000000E+00
   0.0000000E+00
   0.0000000E+00
   0.0000000E+00
   0.0000000E+00
   0.0000000E+00
   0.0000000E+00
   0.0000000E+00
   0.0000000E+00
   6.7690144E-06
   1.0528604E-05
   4.9721924E-09
   2.1179959E-11
   9.9984292E-12
   2.8627096E-12
   6.1012539E-13
   2.8373612E-14
   1.1017611E-14
   1.0167288E-14
   2.1534900E-15
   1.4209616E-16
   1.9848756E-17
   1.7371228E-17
   5.4396162E-18
   1.0778683E-18
   1.2050655E-19
   5.5980991E-21
   1.2686622E-21
   5.8601672E-22
   1.0774372E-22
   9.6768510E-24
   6.9961071E-25
   4.4155365E-25
   2.1513893E-25
   4.1764247E-26
   2.6877402E-27
   1.3453845E-28
   4.5107344E-29
   7.1341847E-30
   9.7559599E-31
   9.3147207E-32
   1.1902292E-32
   1.2061630E-32
   5.1951913E-32
   1.7218243E-33
   4.7029113E-32
   3.7270973E-33
   6.8213041E-33
   4.7529700E-34
   4.9381831E-33
   1.7230145E-32
   7.2189400E-32
   1.5313047E-32
   1.2700740E-32
   5.6582601E-33
   2.6263771E-33
   4.8328358E-32
   3.3062137E-31
   0.0000000E+00
   0.0000000E+00
   0.0000000E+00
   0.0000000E+00
   0.0000000E+00
   0.0000000E+00
   0.0000000E+00
   0.0000000E+00
   0.0000000E+00
   0.0000000E+00
   0.0000000E+00
   0.0000000E+00
   0.0000000E+00
   0.0000000E+00
   0.0000000E+00
   2.2316660E-06
   1.0592044E-05
   3.7006791E-09
   5.1418741E-11
   1.9265950E-11
   2.8819037E-12
   1.7648282E-13
   9.4178146E-15
   6.9095425E-15
   3.7690506E-15
   1.2631678E-15
   1.0856141E-16
   1.9995220E-17
   1.0280934E-17
   2.8887109E-18
   6.7925487E-19
   8.8675519E-20
   5.7878021E-21
   1.2405746E-21
   4.5340388E-22
   8.2704935E-23
   8.2029417E-24
   6.1484583E-25
   3.4346203E-25
   1.7409752E-25
   3.2792097E-26
   2.5649227E-27
   1.4927148E-28
   4.8913210E-29
   8.1537028E-30
   9.7470412E-31
   9.8078982E-32
   1.5761341E-32
   9.9539664E-33
   2.0724759E-32
   9.7404224E-33
   2.4235220E-32
   1.7565647E-32
   6.9162649E-33
   1.9708002E-33
   1.2393713E-32
   7.6859162E-33
   6.6241176E-32
   1.5574865E-33
   2.9857498E-32
   3.4472698E-33
   5.2103041E-32
   4.1943128E-32
   1.1882053E-31
   2.2496835E-33
   0.0000000E+00
   0.0000000E+00
   0.0000000E+00
   0.0000000E+00
   0.0000000E+00
   0.0000000E+00
   0.0000000E+00
   0.0000000E+00
   0.0000000E+00
   0.0000000E+00
   0.0000000E+00
   0.0000000E+00
   0.0000000E+00
   0.0000000E+00
   5.1951779E-06
   9.4323732E-06
   3.8582169E-09
   1.8751899E-11
   1.3011444E-11
   1.4406219E-12
   1.9433719E-13
   2.8558421E-14
   6.8325735E-15
   1.7977798E-15
   3.7421352E-16
   8.8250510E-17
   3.6293165E-17
   1.0032605E-17
   2.8250067E-18
   7.1397309E-19
   5.5418374E-20
   3.6023627E-21
   1.1325570E-21
   3.7336519E-22
   6.1321415E-23
   7.0793316E-24
   5.8184536E-25
   2.7042886E-25
   1.3950248E-25
   2.5390792E-26
   2.2461310E-27
   1.3214659E-28
   4.5127057E-29
   8.8518411E-30
   1.4192908E-30
   2.2982525E-31
   3.6373959E-32
   4.4552955E-33
   3.1412489E-32
   1.0851493E-32
   8.1889539E-32
   1.7033712E-32
   7.7716656E-33
   7.7828305E-33
   1.2672809E-32
   6.4527381E-33
   3.8752267E-32
   8.9164828E-34
   3.5740560E-33
   7.4709036E-33
   4.6866904E-32
   4.2481731E-32
   6.3194041E-32
   3.8019460E-32
   1.6517175E-32
   0.0000000E+00
   0.0000000E+00
   0.0000000E+00
   0.0000000E+00
   0.0000000E+00
   0.0000000E+00
   0.0000000E+00
   0.0000000E+00
   0.0000000E+00
   0.0000000E+00
   0.0000000E+00
   0.0000000E+00
   0.0000000E+00
   1.7210908E-06
   9.4106281E-06
   3.7226293E-09
   4.5986544E-12
   1.5396971E-12
   1.9355004E-13
   1.8411202E-13
   1.4784967E-14
   7.8679908E-15
   2.5605742E-15
   1.5144753E-16
   6.4120222E-17
   3.3283200E-17
   1.0669735E-17
   3.4756760E-18
   8.3402290E-19
   4.5325969E-20
   1.6942474E-21
   7.9982897E-22
   3.1274558E-22
   4.7727382E-23
   6.2175906E-24
   5.3511852E-25
   2.2137809E-25
   1.1397210E-25
   2.1269279E-26
   1.9970243E-27
   1.0414302E-28
   3.2001493E-29
   6.5283187E-30
   1.3071155E-30
   2.3776198E-31
   4.4715820E-32
   5.9525778E-33
   6.1293361E-32
   1.1056372E-32
   6.3308294E-32
   5.2844617E-33
   1.4422361E-32
   4.9716094E-33
   2.8398974E-32
   8.3693501E-33
   4.3832474E-32
   4.7603311E-33
   3.9701737E-32
   8.5647753E-33
   2.2599196E-32
   3.2284385E-32
   3.8739660E-31
   6.2042845E-32
   6.3568501E-32
   1.5311275E-34
   0.0000000E+00
   0.0000000E+00
   0.0000000E+00
   0.0000000E+00
   0.0000000E+00
   0.0000000E+00
   0.0000000E+00
   0.0000000E+00
   0.0000000E+00
   0.0000000E+00
   0.0000000E+00
   0.0000000E+00
   4.0503405E-06
   8.4843114E-06
   3.7564747E-09
   4.8919701E-12
   8.0804650E-13
   1.1603115E-13
   4.3664830E-14
   3.0313209E-15
   8.0273270E-15
   3.6973636E-15
   4.8373925E-16
   5.7034064E-17
   1.5612725E-17
   8.0921739E-18
   3.0859970E-18
   7.0995066E-19
   4.8191055E-20
   1.7470307E-21
   4.2478511E-22
   2.4414213E-22
   4.0691970E-23
   5.5219687E-24
   4.6559892E-25
   1.8766625E-25
   9.7600983E-26
   1.9587144E-26
   1.8800851E-27
   8.9578908E-29
   2.1028397E-29
   4.7198438E-30
   1.2887940E-30
   1.6923583E-31
   2.8200991E-32
   7.6035126E-34
   3.9404252E-32
   1.0692725E-32
   7.8072826E-32
   1.0255904E-33
   1.5701069E-32
   4.0082715E-33
   1.3446564E-32
   5.9479691E-33
   1.9807818E-33
   9.4964669E-33
   5.5613466E-32
   2.5674512E-33
   3.6147583E-32
   3.9101365E-32
   4.3451340E-31
   1.5127521E-32
   1.5941002E-32
   3.7168121E-33
   1.6574178E-32
   0.0000000E+00
   0.0000000E+00
   0.0000000E+00
   0.0000000E+00
   0.0000000E+00
   0.0000000E+00
   0.0000000E+00
   0.0000000E+00
   0.0000000E+00
   0.0000000E+00
   0.0000000E+00
   1.3476899E-06
   8.4695866E-06
   3.0899416E-09
   5.8629950E-12
   1.9580715E-12
   2.0150602E-13
   1.5500161E-14
   1.5977454E-14
   5.4110976E-15
   3.4918245E-15
   7.4982999E-16
   6.5150327E-17
   3.4871379E-18
   4.1439495E-18
   1.7898358E-18
   4.0442021E-19
   4.4139194E-20
   2.4310420E-21
   2.0210279E-22
   1.6817237E-22
   3.4958422E-23
   4.8596616E-24
   4.0794125E-25
   1.6401817E-25
   8.4949066E-26
   1.8831272E-26
   1.8733574E-27
   1.0014011E-28
   1.1681639E-29
   3.6516237E-30
   7.7791602E-31
   1.9289938E-31
   8.1951687E-32
   9.9027016E-33
   2.6628015E-32
   2.4296980E-32
   1.5325908E-31
   1.1545273E-33
   5.3916029E-32
   2.9376845E-33
   1.2599386E-32
   9.4432134E-33
   4.1354197E-32
   1.2657435E-32
   7.3086561E-32
   2.0200265E-32
   1.0807636E-32
   6.5334576E-32
   3.2487831E-31
   6.2152965E-32
   1.2811247E-32
   5.8617945E-34
   1.1713536E-32
   1.9844283E-32
   0.0000000E+00
   0.0000000E+00
   0.0000000E+00
   0.0000000E+00
   0.0000000E+00
   0.0000000E+00
   0.0000000E+00
   0.0000000E+00
   0.0000000E+00
   0.0000000E+00
   3.1669488E-06
   7.6939250E-06
   2.9785439E-09
   9.8373722E-12
   1.1493941E-12
   8.7306220E-14
   3.3160425E-14
   1.9427787E-14
   4.0373927E-15
   2.2904881E-15
   5.3051939E-16
   4.9648069E-17
   2.5975740E-18
   1.9535975E-18
   7.8611776E-19
   2.0247472E-19
   3.0127437E-20
   1.9848694E-21
   1.5043158E-22
   1.0535963E-22
   2.6977468E-23
   4.0026680E-24
   3.6806638E-25
   1.4460249E-25
   7.4314259E-26
   1.7435647E-26
   1.8121845E-27
   1.1620409E-28
   7.6805665E-30
   2.5792648E-30
   1.0687692E-30
   2.0155247E-31
   8.5255884E-32
   1.2730854E-32
   6.9791486E-32
   1.1711598E-32
   1.9292759E-31
   1.8199240E-33
   3.3144350E-32
   2.7372960E-33
   2.2526598E-32
   1.7338962E-33
   1.8262679E-32
   8.3041630E-33
   2.8702316E-32
   8.1284626E-33
   3.8368415E-32
   8.5639150E-33
   7.1871808E-31
   3.4557803E-32
   1.3657508E-32
   4.9473134E-33
   3.7439187E-32
   4.1687364E-33
   9.3540122E-32
   0.0000000E+00
   0.0000000E+00
   0.0000000E+00
   0.0000000E+00
   0.0000000E+00
   0.0000000E+00
   0.0000000E+00
   0.0000000E+00
   0.0000000E+00
   1.0557635E-06
   7.6640354E-06
   2.5131810E-09
   8.5748535E-12
   5.7422453E-13
   1.0339065E-13
   1.8762742E-14
   6.6821849E-15
   5.2364381E-15
   1.4880546E-15
   1.6939521E-16
   1.6494182E-17
   4.5472405E-18
   1.8913747E-18
   6.5791744E-19
   1.9431773E-19
   1.7872614E-20
   8.4293900E-22
   1.7273326E-22
   7.3023163E-23
   1.8122293E-23
   2.8512691E-24
   3.1833390E-25
   1.2228490E-25
   6.1601298E-26
   1.4976604E-26
   1.6568238E-27
   1.2520598E-28
   5.9518834E-30
   2.0235202E-30
   8.8330445E-31
   1.9148506E-31
   1.5742169E-32
   1.4846504E-32
   4.7119159E-32
   1.1143708E-33
   1.1210624E-31
   4.1740875E-33
   4.2402935E-32
   6.0515702E-33
   2.3711837E-32
   6.1842104E-33
   1.2532975E-31
   6.6547417E-33
   3.0483951E-32
   5.6210200E-33
   3.5264219E-32
   1.5869832E-31
   2.8054884E-31
   1.4405644E-32
   7.3470113E-32
   8.7066280E-33
   5.4163775E-33
   6.0301652E-33
   6.2375797E-32
   6.6638782E-33
   0.0000000E+00
   0.0000000E+00
   0.0000000E+00
   0.0000000E+00
   0.0000000E+00
   0.0000000E+00
   0.0000000E+00
   0.0000000E+00
   2.5021561E-06
   7.0077090E-06
   2.4633695E-09
   5.0399949E-12
   5.8746617E-13
   1.0867254E-13
   7.2309687E-15
   2.9560086E-15
   5.2830152E-15
   1.4454589E-15
   6.7155452E-17
   8.6118071E-18
   4.1544170E-18
   2.2326496E-18
   8.3143578E-19
   2.3387942E-19
   1.4211433E-20
   4.1441509E-22
   1.9407565E-22
   6.4529901E-23
   1.1618719E-23
   1.8278000E-24
   2.4352269E-25
   9.3324162E-26
   4.7340304E-26
   1.1534790E-26
   1.3831828E-27
   1.1881754E-28
   5.7247376E-30
   1.3936281E-30
   8.7245087E-31
   1.1581426E-31
   1.6919844E-32
   5.1993625E-33
   2.1442365E-33
   1.6936839E-32
   1.9371418E-32
   8.3333777E-33
   4.4298190E-32
   1.7279245E-33
   1.3831310E-32
   2.4955716E-32
   7.2801615E-32
   9.5911545E-33
   4.2661094E-32
   2.6086262E-32
   8.9355232E-33
   5.3645295E-32
   1.3826547E-31
   4.8398773E-32
   2.8966026E-32
   1.8345669E-33
   1.5260160E-32
   1.6464964E-32
   4.7283637E-32
   1.2564340E-32
   4.3673002E-33
   0.0000000E+00
   0.0000000E+00
   0.0000000E+00
   0.0000000E+00
   0.0000000E+00
   0.0000000E+00
   0.0000000E+00
   8.3802871E-07
   6.9674684E-06
   2.1930919E-09
   4.1706950E-12
   2.9510772E-13
   6.8382535E-14
   1.1074608E-14
   5.8382339E-15
   3.4820597E-15
   1.2146451E-15
   1.5461146E-16
   2.1299949E-17
   2.5563274E-18
   1.5901862E-18
   7.1243427E-19
   1.8755700E-19
   1.2796055E-20
   8.2100897E-22
   1.7552507E-22
   6.1200750E-23
   8.7002736E-24
   1.3746573E-24
   1.7677664E-25
   6.0935647E-26
   3.2325529E-26
   7.8970231E-27
   1.0359590E-27
   9.5327929E-29
   6.2682339E-30
   1.4640865E-30
   2.6234913E-31
   1.6469780E-31
   5.7245899E-32
   8.7782943E-33
   2.7318139E-32
   2.1152893E-32
   3.6851242E-32
   1.6766471E-32
   3.6045550E-32
   3.3650671E-33
   2.1436277E-32
   1.3018638E-32
   5.6609369E-32
   4.3788013E-33
   4.2284627E-32
   1.1153095E-32
   1.6281038E-32
   6.2177377E-33
   3.4811562E-31
   4.3094037E-32
   3.6064034E-32
   2.8113681E-33
   1.2173037E-32
   1.0716317E-32
   7.0331285E-32
   5.3789299E-33
   4.3131015E-33
   5.8405789E-33
   0.0000000E+00
   0.0000000E+00
   0.0000000E+00
   0.0000000E+00
   0.0000000E+00
   0.0000000E+00
   1.9936424E-06
   6.4122050E-06
   2.0312070E-09
   4.5695522E-12
   8.2309559E-14
   2.7850990E-14
   9.0756251E-15
   5.5862835E-15
   1.3566898E-15
   7.1545252E-16
   1.6489120E-16
   2.2057797E-17
   1.1807152E-18
   6.1453429E-19
   3.5325663E-19
   8.5009545E-20
   9.0674448E-21
   9.1531574E-22
   1.1100088E-22
   4.7851829E-23
   8.0782804E-24
   1.3180186E-24
   1.3696718E-25
   3.7131979E-26
   2.0882096E-26
   4.9281323E-27
   7.0911754E-28
   6.4490450E-29
   4.0339020E-30
   7.2419452E-31
   2.5016833E-31
   3.1055065E-32
   5.0354610E-32
   1.1468761E-32
   1.4229217E-32
   2.4188592E-32
   1.0305993E-31
   4.8434489E-33
   2.8112973E-32
   1.0373280E-33
   1.6841281E-32
   2.8470192E-33
   7.2511374E-32
   2.1495172E-33
   1.7717806E-32
   2.9675737E-33
   3.8561263E-32
   1.2564205E-32
   4.7800006E-31
   1.8505949E-33
   5.3663098E-32
   7.8861528E-33
   5.4960385E-33
   1.0666224E-32
   9.7925715E-32
   9.5568572E-33
   3.7270327E-32
   5.9356837E-33
   2.7353563E-33
   0.0000000E+00
   0.0000000E+00
   0.0000000E+00
   0.0000000E+00
   0.0000000E+00
   6.6801044E-07
   6.3656330E-06
   1.7986908E-09
   3.7429122E-12
   5.5837059E-14
   5.5899041E-15
   3.2761805E-15
   1.8542343E-15
   7.3761614E-16
   3.1284169E-16
   7.6276607E-17
   9.6995927E-18
   4.4552051E-19
   1.8916318E-19
   1.1049451E-19
   2.8588454E-20
   4.5300296E-21
   4.5009359E-22
   4.7894661E-23
   3.0068847E-23
   6.5592080E-24
   1.1291185E-24
   1.2145009E-25
   2.6717847E-26
   1.3362731E-26
   3.0941626E-27
   4.6016143E-28
   3.7255809E-29
   2.2401014E-30
   5.7218029E-31
   6.9608534E-31
   5.3637654E-32
   2.5833166E-32
   7.0118738E-33
   2.6846786E-32
   1.6808353E-32
   2.0660305E-31
   1.5741214E-32
   1.8750006E-32
   2.0811615E-33
   1.1512798E-32
   2.6168379E-32
   5.3066394E-32
   1.4933645E-32
   1.6118793E-32
   1.6412291E-33
   2.1238469E-32
   1.3353212E-32
   7.0635724E-31
   3.1213821E-32
   1.2942043E-32
   2.3206324E-32
   3.4427155E-33
   6.1984339E-33
   6.9440189E-32
   8.5305170E-33
   1.7678765E-32
   2.9424541E-33
   2.5876012E-33
   1.7130738E-33
   0.0000000E+00
   0.0000000E+00
   0.0000000E+00
   0.0000000E+00
   1.5899402E-06
   5.8993041E-06
   1.6649055E-09
   3.7878125E-12
   1.0818982E-13
   1.0278055E-14
   1.1124594E-15
   3.6090253E-16
   5.9792336E-16
   1.6815784E-16
   1.5458717E-17
   1.3089053E-18
   2.8465177E-19
   1.8571798E-19
   7.9710840E-20
   2.5001293E-20
   2.0270083E-21
   1.1529166E-22
   3.5695928E-23
   1.6214167E-23
   3.5575947E-24
   7.2627367E-25
   9.4898913E-26
   2.1684065E-26
   9.4012568E-27
   2.3006264E-27
   3.1914797E-28
   2.1615344E-29
   1.5695359E-30
   3.2111348E-31
   2.8714327E-31
   2.7774757E-32
   6.2802284E-33
   4.4418901E-33
   2.3232583E-32
   8.1437154E-33
   4.0758315E-32
   7.9887845E-33
   1.9848750E-32
   8.3337723E-33
   1.2397082E-32
   1.2642145E-32
   1.8966294E-32
   2.1638377E-33
   2.3821471E-32
   9.1968430E-33
   5.9714680E-33
   5.9135605E-33
   5.1645838E-31
   2.0140471E-32
   1.4318040E-32
   1.2292807E-32
   4.3969654E-32
   3.1517675E-32
   1.7861762E-31
   2.5347558E-32
   6.0134806E-32
   1.3071702E-33
   2.0920167E-32
   2.0043902E-32
   1.8153997E-32
   0.0000000E+00
   0.0000000E+00
   0.0000000E+00
   5.3473747E-07
   5.8533024E-06
   1.5432035E-09
   4.3183582E-12
   1.1360508E-13
   1.9446494E-14
   1.1729616E-15
   3.0058949E-16
   4.0688429E-16
   1.0585329E-16
   5.9918734E-18
   2.2464526E-18
   3.0589124E-19
   1.8319215E-19
   7.9546134E-20
   2.3600594E-20
   1.3402709E-21
   1.3316964E-22
   4.7027542E-23
   8.5567135E-24
   1.4638791E-24
   2.8776024E-25
   4.5193148E-26
   1.4876758E-26
   6.4767167E-27
   1.7809723E-27
   2.4643379E-28
   1.7288717E-29
   1.1628880E-30
   5.0008997E-32
   1.4234698E-31
   1.6494211E-32
   3.3330461E-32
   5.3128366E-33
   2.0155223E-32
   1.2052369E-32
   8.7963400E-32
   1.7847178E-32
   3.7484358E-32
   1.4005069E-32
   2.1199466E-32
   2.3513529E-33
   9.2523554E-32
   1.1086170E-32
   4.8342884E-32
   8.9329614E-33
   1.4084076E-33
   2.6382302E-32
   2.0609867E-31
   1.5703977E-32
   1.6115062E-32
   8.7536706E-33
   1.8898458E-32
   7.7322990E-33
   1.8733775E-31
   8.5163162E-33
   1.8718349E-31
   2.5868916E-32
   3.9082351E-32
   6.9146912E-33
   1.7237727E-31
   1.5178943E-32
   0.0000000E+00
   0.0000000E+00
   1.2728433E-06
   5.4490024E-06
   1.4844505E-09
   3.2517320E-12
   1.1394832E-13
   1.5797126E-14
   5.1365915E-16
   3.2353003E-16
   1.3197635E-16
   3.4592134E-17
   1.0959615E-17
   2.8890650E-18
   2.2509433E-19
   8.3962949E-20
   4.1346015E-20
   1.0872274E-20
   5.8797789E-22
   1.8579968E-22
   3.2515367E-23
   7.2658894E-24
   8.1366062E-25
   9.2789049E-26
   1.2895433E-26
   7.1193456E-27
   3.8342800E-27
   1.1655855E-27
   1.7063544E-28
   1.4912319E-29
   7.8289137E-31
   5.9701401E-32
   1.3808426E-31
   1.5334444E-32
   1.6351047E-32
   3.8478985E-33
   1.9198344E-32
   3.3893859E-33
   1.0286977E-31
   8.6402883E-33
   3.1870144E-32
   1.4416781E-32
   3.1919612E-32
   2.0856580E-33
   4.8043541E-32
   2.0591276E-32
   3.7417073E-32
   7.6063719E-33
   3.2609084E-33
   1.9506302E-32
   4.4503567E-31
   1.9677420E-32
   4.2677154E-32
   2.2804172E-33
   5.2584682E-32
   5.9198818E-33
   8.7866581E-32
   1.4844916E-32
   3.4505770E-32
   8.8560907E-33
   9.9462838E-33
   8.4887450E-33
   9.6428017E-32
   1.2471209E-32
   4.8838139E-33
   0.0000000E+00
   4.2542791E-07
   5.3978774E-06
   5.3978774E-06
   3.1176600E-12
   3.1176600E-12
   3.4425638E-15
   3.4425638E-15
   6.1742442E-17
   6.1742442E-17
   5.1380866E-18
   5.1380866E-18
   6.2092059E-19
   6.2092059E-19
   1.5606803E-21
   1.5606803E-21
   3.2517669E-22
   3.2517669E-22
   2.5902582E-23
   2.5902582E-23
   4.5671059E-24
   4.5671059E-24
   1.0068940E-25
   1.0068940E-25
   1.6160062E-27
   1.6160062E-27
   4.5549379E-28
   4.5549379E-28
   9.7910434E-30
   9.7910434E-30
   2.7520145E-32
   2.7520145E-32
   1.8646707E-32
   1.8646707E-32
   3.5419140E-33
   3.5419140E-33
   1.5678169E-32
   1.5678169E-32
   5.9905323E-33
   5.9905323E-33
   6.0242308E-33
   6.0242308E-33
   1.0549599E-33
   1.0549599E-33
   6.6736693E-33
   6.6736693E-33
   5.0450153E-33
   5.0450153E-33
   6.8424549E-33
   6.8424549E-33
   1.2507214E-32
   1.2507214E-32
   2.1141084E-33
   2.1141084E-33
   9.2110654E-34
   9.2110654E-34
   1.2790063E-32
   1.2790063E-32
   8.0494437E-34
   8.0494437E-34
   7.2374945E-33
   7.2374945E-33
   3.1086645E-32
   3.1086645E-32
   4.1074476E-33
