   2.9718823E-08
   0.0000000E+00
   0.0000000E+00
   0.0000000E+00
   0.0000000E+00
   0.0000000E+00
   0.0000000E+00
   0.0000000E+00
   0.0000000E+00
   0.0000000E+00
   0.0000000E+00
   0.0000000E+00
   0.0000000E+00
   0.0000000E+00
   0.0000000E+00
   0.0000000E+00
   0.0000000E+00
   0.0000000E+00
   0.0000000E+00
   0.0000000E+00
   0.0000000E+00
   0.0000000E+00
   0.0000000E+00
   0.0000000E+00
   0.0000000E+00
   0.0000000E+00
   0.0000000E+00
   0.0000000E+00
   0.0000000E+00
   0.0000000E+00
   0.0000000E+00
   0.0000000E+00
   0.0000000E+00
   0.0000000E+00
   0.0000000E+00
   0.0000000E+00
   0.0000000E+00
   0.0000000E+00
   0.0000000E+00
   0.0000000E+00
   0.0000000E+00
   0.0000000E+00
   0.0000000E+00
   0.0000000E+00
   0.0000000E+00
   0.0000000E+00
   0.0000000E+00
   0.0000000E+00
   0.0000000E+00
   0.0000000E+00
   0.0000000E+00
   0.0000000E+00
   0.0000000E+00
   0.0000000E+00
   0.0000000E+00
   0.0000000E+00
   0.0000000E+00
   0.0000000E+00
   0.0000000E+00
   0.0000000E+00
   0.0000000E+00
   0.0000000E+00
   0.0000000E+00
   0.0000000E+00
   0.3907674    
   0.1652294    
   0.0000000E+00
   0.0000000E+00
   0.0000000E+00
   0.0000000E+00
   0.0000000E+00
   0.0000000E+00
   0.0000000E+00
   0.0000000E+00
   0.0000000E+00
   0.0000000E+00
   0.0000000E+00
   0.0000000E+00
   0.0000000E+00
   0.0000000E+00
   0.0000000E+00
   0.0000000E+00
   0.0000000E+00
   0.0000000E+00
   0.0000000E+00
   0.0000000E+00
   0.0000000E+00
   0.0000000E+00
   0.0000000E+00
   0.0000000E+00
   0.0000000E+00
   0.0000000E+00
   0.0000000E+00
   0.0000000E+00
   0.0000000E+00
   0.0000000E+00
   0.0000000E+00
   0.0000000E+00
   0.0000000E+00
   0.0000000E+00
   0.0000000E+00
   0.0000000E+00
   0.0000000E+00
   0.0000000E+00
   0.0000000E+00
   0.0000000E+00
   0.0000000E+00
   0.0000000E+00
   0.0000000E+00
   0.0000000E+00
   0.0000000E+00
   0.0000000E+00
   0.0000000E+00
   0.0000000E+00
   0.0000000E+00
   0.0000000E+00
   0.0000000E+00
   0.0000000E+00
   0.0000000E+00
   0.0000000E+00
   0.0000000E+00
   0.0000000E+00
   0.0000000E+00
   0.0000000E+00
   0.0000000E+00
   0.0000000E+00
   0.0000000E+00
   0.0000000E+00
   2.5360913E-07
   0.2581796    
    1.000000    
   0.0000000E+00
   0.0000000E+00
   0.0000000E+00
   0.0000000E+00
   0.0000000E+00
   0.0000000E+00
   0.0000000E+00
   0.0000000E+00
   0.0000000E+00
   0.0000000E+00
   0.0000000E+00
   0.0000000E+00
   0.0000000E+00
   0.0000000E+00
   0.0000000E+00
   0.0000000E+00
   0.0000000E+00
   0.0000000E+00
   0.0000000E+00
   0.0000000E+00
   0.0000000E+00
   0.0000000E+00
   0.0000000E+00
   0.0000000E+00
   0.0000000E+00
   0.0000000E+00
   0.0000000E+00
   0.0000000E+00
   0.0000000E+00
   0.0000000E+00
   0.0000000E+00
   0.0000000E+00
   0.0000000E+00
   0.0000000E+00
   0.0000000E+00
   0.0000000E+00
   0.0000000E+00
   0.0000000E+00
   0.0000000E+00
   0.0000000E+00
   0.0000000E+00
   0.0000000E+00
   0.0000000E+00
   0.0000000E+00
   0.0000000E+00
   0.0000000E+00
   0.0000000E+00
   0.0000000E+00
   0.0000000E+00
   0.0000000E+00
   0.0000000E+00
   0.0000000E+00
   0.0000000E+00
   0.0000000E+00
   0.0000000E+00
   0.0000000E+00
   0.0000000E+00
   0.0000000E+00
   0.0000000E+00
   0.0000000E+00
   0.0000000E+00
   0.1001375    
   0.8233892    
   0.2985589    
   4.0713776E-02
   0.0000000E+00
   0.0000000E+00
   0.0000000E+00
   0.0000000E+00
   0.0000000E+00
   0.0000000E+00
   0.0000000E+00
   0.0000000E+00
   0.0000000E+00
   0.0000000E+00
   0.0000000E+00
   0.0000000E+00
   0.0000000E+00
   0.0000000E+00
   0.0000000E+00
   0.0000000E+00
   0.0000000E+00
   0.0000000E+00
   0.0000000E+00
   0.0000000E+00
   0.0000000E+00
   0.0000000E+00
   0.0000000E+00
   0.0000000E+00
   0.0000000E+00
   0.0000000E+00
   0.0000000E+00
   0.0000000E+00
   0.0000000E+00
   0.0000000E+00
   0.0000000E+00
   0.0000000E+00
   0.0000000E+00
   0.0000000E+00
   0.0000000E+00
   0.0000000E+00
   0.0000000E+00
   0.0000000E+00
   0.0000000E+00
   0.0000000E+00
   0.0000000E+00
   0.0000000E+00
   0.0000000E+00
   0.0000000E+00
   0.0000000E+00
   0.0000000E+00
   0.0000000E+00
   0.0000000E+00
   0.0000000E+00
   0.0000000E+00
   0.0000000E+00
   0.0000000E+00
   0.0000000E+00
   0.0000000E+00
   0.0000000E+00
   0.0000000E+00
   0.0000000E+00
   0.0000000E+00
   0.0000000E+00
   0.0000000E+00
   5.2044334E-07
   4.8540444E-03
   6.3495766E-03
   0.2318789    
   0.2979149    
   0.0000000E+00
   0.0000000E+00
   0.0000000E+00
   0.0000000E+00
   0.0000000E+00
   0.0000000E+00
   0.0000000E+00
   0.0000000E+00
   0.0000000E+00
   0.0000000E+00
   0.0000000E+00
   0.0000000E+00
   0.0000000E+00
   0.0000000E+00
   0.0000000E+00
   0.0000000E+00
   0.0000000E+00
   0.0000000E+00
   0.0000000E+00
   0.0000000E+00
   0.0000000E+00
   0.0000000E+00
   0.0000000E+00
   0.0000000E+00
   0.0000000E+00
   0.0000000E+00
   0.0000000E+00
   0.0000000E+00
   0.0000000E+00
   0.0000000E+00
   0.0000000E+00
   0.0000000E+00
   0.0000000E+00
   0.0000000E+00
   0.0000000E+00
   0.0000000E+00
   0.0000000E+00
   0.0000000E+00
   0.0000000E+00
   0.0000000E+00
   0.0000000E+00
   0.0000000E+00
   0.0000000E+00
   0.0000000E+00
   0.0000000E+00
   0.0000000E+00
   0.0000000E+00
   0.0000000E+00
   0.0000000E+00
   0.0000000E+00
   0.0000000E+00
   0.0000000E+00
   0.0000000E+00
   0.0000000E+00
   0.0000000E+00
   0.0000000E+00
   0.0000000E+00
   0.0000000E+00
   0.0000000E+00
   4.6005946E-02
   0.2194786    
   2.7237196E-02
   0.2176202    
   2.6522858E-02
   1.5247071E-02
   0.0000000E+00
   0.0000000E+00
   0.0000000E+00
   0.0000000E+00
   0.0000000E+00
   0.0000000E+00
   0.0000000E+00
   0.0000000E+00
   0.0000000E+00
   0.0000000E+00
   0.0000000E+00
   0.0000000E+00
   0.0000000E+00
   0.0000000E+00
   0.0000000E+00
   0.0000000E+00
   0.0000000E+00
   0.0000000E+00
   0.0000000E+00
   0.0000000E+00
   0.0000000E+00
   0.0000000E+00
   0.0000000E+00
   0.0000000E+00
   0.0000000E+00
   0.0000000E+00
   0.0000000E+00
   0.0000000E+00
   0.0000000E+00
   0.0000000E+00
   0.0000000E+00
   0.0000000E+00
   0.0000000E+00
   0.0000000E+00
   0.0000000E+00
   0.0000000E+00
   0.0000000E+00
   0.0000000E+00
   0.0000000E+00
   0.0000000E+00
   0.0000000E+00
   0.0000000E+00
   0.0000000E+00
   0.0000000E+00
   0.0000000E+00
   0.0000000E+00
   0.0000000E+00
   0.0000000E+00
   0.0000000E+00
   0.0000000E+00
   0.0000000E+00
   0.0000000E+00
   0.0000000E+00
   0.0000000E+00
   0.0000000E+00
   0.0000000E+00
   0.0000000E+00
   0.0000000E+00
   8.1158191E-07
   1.0140809E-02
   2.5591347E-03
   2.3731327E-02
   9.5880954E-03
   0.1491182    
   0.1150642    
   0.0000000E+00
   0.0000000E+00
   0.0000000E+00
   0.0000000E+00
   0.0000000E+00
   0.0000000E+00
   0.0000000E+00
   0.0000000E+00
   0.0000000E+00
   0.0000000E+00
   0.0000000E+00
   0.0000000E+00
   0.0000000E+00
   0.0000000E+00
   0.0000000E+00
   0.0000000E+00
   0.0000000E+00
   0.0000000E+00
   0.0000000E+00
   0.0000000E+00
   0.0000000E+00
   0.0000000E+00
   0.0000000E+00
   0.0000000E+00
   0.0000000E+00
   0.0000000E+00
   0.0000000E+00
   0.0000000E+00
   0.0000000E+00
   0.0000000E+00
   0.0000000E+00
   0.0000000E+00
   0.0000000E+00
   0.0000000E+00
   0.0000000E+00
   0.0000000E+00
   0.0000000E+00
   0.0000000E+00
   0.0000000E+00
   0.0000000E+00
   0.0000000E+00
   0.0000000E+00
   0.0000000E+00
   0.0000000E+00
   0.0000000E+00
   0.0000000E+00
   0.0000000E+00
   0.0000000E+00
   0.0000000E+00
   0.0000000E+00
   0.0000000E+00
   0.0000000E+00
   0.0000000E+00
   0.0000000E+00
   0.0000000E+00
   0.0000000E+00
   0.0000000E+00
   8.3378971E-02
   5.7567336E-02
   6.8657197E-02
   4.3885071E-02
   3.0872235E-02
   6.8072364E-02
   2.5764497E-03
   6.3243937E-03
   0.0000000E+00
   0.0000000E+00
   0.0000000E+00
   0.0000000E+00
   0.0000000E+00
   0.0000000E+00
   0.0000000E+00
   0.0000000E+00
   0.0000000E+00
   0.0000000E+00
   0.0000000E+00
   0.0000000E+00
   0.0000000E+00
   0.0000000E+00
   0.0000000E+00
   0.0000000E+00
   0.0000000E+00
   0.0000000E+00
   0.0000000E+00
   0.0000000E+00
   0.0000000E+00
   0.0000000E+00
   0.0000000E+00
   0.0000000E+00
   0.0000000E+00
   0.0000000E+00
   0.0000000E+00
   0.0000000E+00
   0.0000000E+00
   0.0000000E+00
   0.0000000E+00
   0.0000000E+00
   0.0000000E+00
   0.0000000E+00
   0.0000000E+00
   0.0000000E+00
   0.0000000E+00
   0.0000000E+00
   0.0000000E+00
   0.0000000E+00
   0.0000000E+00
   0.0000000E+00
   0.0000000E+00
   0.0000000E+00
   0.0000000E+00
   0.0000000E+00
   0.0000000E+00
   0.0000000E+00
   0.0000000E+00
   0.0000000E+00
   0.0000000E+00
   0.0000000E+00
   0.0000000E+00
   0.0000000E+00
   0.0000000E+00
   0.0000000E+00
   1.1238025E-06
   9.0370729E-04
   8.4700584E-03
   1.2047765E-03
   1.4843289E-02
   1.1372110E-02
   1.6431138E-02
   8.7460861E-02
   4.8047807E-02
   0.0000000E+00
   0.0000000E+00
   0.0000000E+00
   0.0000000E+00
   0.0000000E+00
   0.0000000E+00
   0.0000000E+00
   0.0000000E+00
   0.0000000E+00
   0.0000000E+00
   0.0000000E+00
   0.0000000E+00
   0.0000000E+00
   0.0000000E+00
   0.0000000E+00
   0.0000000E+00
   0.0000000E+00
   0.0000000E+00
   0.0000000E+00
   0.0000000E+00
   0.0000000E+00
   0.0000000E+00
   0.0000000E+00
   0.0000000E+00
   0.0000000E+00
   0.0000000E+00
   0.0000000E+00
   0.0000000E+00
   0.0000000E+00
   0.0000000E+00
   0.0000000E+00
   0.0000000E+00
   0.0000000E+00
   0.0000000E+00
   0.0000000E+00
   0.0000000E+00
   0.0000000E+00
   0.0000000E+00
   0.0000000E+00
   0.0000000E+00
   0.0000000E+00
   0.0000000E+00
   0.0000000E+00
   0.0000000E+00
   0.0000000E+00
   0.0000000E+00
   0.0000000E+00
   0.0000000E+00
   0.0000000E+00
   0.0000000E+00
   0.0000000E+00
   0.0000000E+00
   0.0000000E+00
   0.0000000E+00
   0.0000000E+00
   6.2039830E-02
   5.5914423E-03
   7.1836628E-02
   1.6447866E-05
   4.5463078E-02
   4.9527367E-03
   2.2909703E-02
   2.2047760E-02
   9.5934651E-05
   2.6854575E-03
   0.0000000E+00
   0.0000000E+00
   0.0000000E+00
   0.0000000E+00
   0.0000000E+00
   0.0000000E+00
   0.0000000E+00
   0.0000000E+00
   0.0000000E+00
   0.0000000E+00
   0.0000000E+00
   0.0000000E+00
   0.0000000E+00
   0.0000000E+00
   0.0000000E+00
   0.0000000E+00
   0.0000000E+00
   0.0000000E+00
   0.0000000E+00
   0.0000000E+00
   0.0000000E+00
   0.0000000E+00
   0.0000000E+00
   0.0000000E+00
   0.0000000E+00
   0.0000000E+00
   0.0000000E+00
   0.0000000E+00
   0.0000000E+00
   0.0000000E+00
   0.0000000E+00
   0.0000000E+00
   0.0000000E+00
   0.0000000E+00
   0.0000000E+00
   0.0000000E+00
   0.0000000E+00
   0.0000000E+00
   0.0000000E+00
   0.0000000E+00
   0.0000000E+00
   0.0000000E+00
   0.0000000E+00
   0.0000000E+00
   0.0000000E+00
   0.0000000E+00
   0.0000000E+00
   0.0000000E+00
   0.0000000E+00
   0.0000000E+00
   0.0000000E+00
   0.0000000E+00
   0.0000000E+00
   0.0000000E+00
   1.4574024E-06
   1.6014231E-04
   6.6099543E-04
   8.7086245E-04
   6.0457624E-03
   1.8271474E-04
   1.4182430E-02
   2.6374557E-03
   1.7370909E-02
   4.7963686E-02
   2.0395758E-02
   0.0000000E+00
   0.0000000E+00
   0.0000000E+00
   0.0000000E+00
   0.0000000E+00
   0.0000000E+00
   0.0000000E+00
   0.0000000E+00
   0.0000000E+00
   0.0000000E+00
   0.0000000E+00
   0.0000000E+00
   0.0000000E+00
   0.0000000E+00
   0.0000000E+00
   0.0000000E+00
   0.0000000E+00
   0.0000000E+00
   0.0000000E+00
   0.0000000E+00
   0.0000000E+00
   0.0000000E+00
   0.0000000E+00
   0.0000000E+00
   0.0000000E+00
   0.0000000E+00
   0.0000000E+00
   0.0000000E+00
   0.0000000E+00
   0.0000000E+00
   0.0000000E+00
   0.0000000E+00
   0.0000000E+00
   0.0000000E+00
   0.0000000E+00
   0.0000000E+00
   0.0000000E+00
   0.0000000E+00
   0.0000000E+00
   0.0000000E+00
   0.0000000E+00
   0.0000000E+00
   0.0000000E+00
   0.0000000E+00
   0.0000000E+00
   0.0000000E+00
   0.0000000E+00
   0.0000000E+00
   0.0000000E+00
   0.0000000E+00
   0.0000000E+00
   0.0000000E+00
   0.0000000E+00
   1.1126791E-02
   1.7672360E-02
   1.3988688E-02
   1.3423996E-02
   1.7790057E-02
   4.1496465E-03
   1.9033546E-02
   1.5195565E-05
   1.3241560E-02
   6.9780308E-03
   2.5368128E-05
   1.1295057E-03
   0.0000000E+00
   0.0000000E+00
   0.0000000E+00
   0.0000000E+00
   0.0000000E+00
   0.0000000E+00
   0.0000000E+00
   0.0000000E+00
   0.0000000E+00
   0.0000000E+00
   0.0000000E+00
   0.0000000E+00
   0.0000000E+00
   0.0000000E+00
   0.0000000E+00
   0.0000000E+00
   0.0000000E+00
   0.0000000E+00
   0.0000000E+00
   0.0000000E+00
   0.0000000E+00
   0.0000000E+00
   0.0000000E+00
   0.0000000E+00
   0.0000000E+00
   0.0000000E+00
   0.0000000E+00
   0.0000000E+00
   0.0000000E+00
   0.0000000E+00
   0.0000000E+00
   0.0000000E+00
   0.0000000E+00
   0.0000000E+00
   0.0000000E+00
   0.0000000E+00
   0.0000000E+00
   0.0000000E+00
   0.0000000E+00
   0.0000000E+00
   0.0000000E+00
   0.0000000E+00
   0.0000000E+00
   0.0000000E+00
   0.0000000E+00
   0.0000000E+00
   0.0000000E+00
   0.0000000E+00
   0.0000000E+00
   0.0000000E+00
   0.0000000E+00
   0.0000000E+00
   1.8139816E-06
   1.1775561E-03
   2.6639597E-04
   1.0844026E-03
   5.2526838E-04
   2.2473959E-03
   2.7383110E-03
   1.6619919E-03
   8.7956581E-03
   1.2396889E-04
   1.4019716E-02
   2.4716139E-02
   8.5519562E-03
   0.0000000E+00
   0.0000000E+00
   0.0000000E+00
   0.0000000E+00
   0.0000000E+00
   0.0000000E+00
   0.0000000E+00
   0.0000000E+00
   0.0000000E+00
   0.0000000E+00
   0.0000000E+00
   0.0000000E+00
   0.0000000E+00
   0.0000000E+00
   0.0000000E+00
   0.0000000E+00
   0.0000000E+00
   0.0000000E+00
   0.0000000E+00
   0.0000000E+00
   0.0000000E+00
   0.0000000E+00
   0.0000000E+00
   0.0000000E+00
   0.0000000E+00
   0.0000000E+00
   0.0000000E+00
   0.0000000E+00
   0.0000000E+00
   0.0000000E+00
   0.0000000E+00
   0.0000000E+00
   0.0000000E+00
   0.0000000E+00
   0.0000000E+00
   0.0000000E+00
   0.0000000E+00
   0.0000000E+00
   0.0000000E+00
   0.0000000E+00
   0.0000000E+00
   0.0000000E+00
   0.0000000E+00
   0.0000000E+00
   0.0000000E+00
   0.0000000E+00
   0.0000000E+00
   0.0000000E+00
   0.0000000E+00
   0.0000000E+00
   0.0000000E+00
   2.6699137E-05
   2.6701497E-02
   2.0007271E-04
   1.4894786E-02
   6.8077061E-04
   1.0812152E-02
   2.8370102E-03
   5.4306295E-03
   6.2135365E-03
   5.2018365E-04
   6.5782028E-03
   2.0857998E-03
   8.3647996E-05
   4.6253006E-04
   0.0000000E+00
   0.0000000E+00
   0.0000000E+00
   0.0000000E+00
   0.0000000E+00
   0.0000000E+00
   0.0000000E+00
   0.0000000E+00
   0.0000000E+00
   0.0000000E+00
   0.0000000E+00
   0.0000000E+00
   0.0000000E+00
   0.0000000E+00
   0.0000000E+00
   0.0000000E+00
   0.0000000E+00
   0.0000000E+00
   0.0000000E+00
   0.0000000E+00
   0.0000000E+00
   0.0000000E+00
   0.0000000E+00
   0.0000000E+00
   0.0000000E+00
   0.0000000E+00
   0.0000000E+00
   0.0000000E+00
   0.0000000E+00
   0.0000000E+00
   0.0000000E+00
   0.0000000E+00
   0.0000000E+00
   0.0000000E+00
   0.0000000E+00
   0.0000000E+00
   0.0000000E+00
   0.0000000E+00
   0.0000000E+00
   0.0000000E+00
   0.0000000E+00
   0.0000000E+00
   0.0000000E+00
   0.0000000E+00
   0.0000000E+00
   0.0000000E+00
   0.0000000E+00
   0.0000000E+00
   0.0000000E+00
   0.0000000E+00
   2.1953317E-06
   8.1727710E-05
   1.2931447E-04
   5.2562816E-04
   3.5526315E-05
   1.2806951E-03
   4.2431429E-06
   2.3335635E-03
   6.2516128E-04
   2.3955447E-03
   4.1319099E-03
   1.5346718E-04
   9.4925780E-03
   1.1978682E-02
   3.4862414E-03
   0.0000000E+00
   0.0000000E+00
   0.0000000E+00
   0.0000000E+00
   0.0000000E+00
   0.0000000E+00
   0.0000000E+00
   0.0000000E+00
   0.0000000E+00
   0.0000000E+00
   0.0000000E+00
   0.0000000E+00
   0.0000000E+00
   0.0000000E+00
   0.0000000E+00
   0.0000000E+00
   0.0000000E+00
   0.0000000E+00
   0.0000000E+00
   0.0000000E+00
   0.0000000E+00
   0.0000000E+00
   0.0000000E+00
   0.0000000E+00
   0.0000000E+00
   0.0000000E+00
   0.0000000E+00
   0.0000000E+00
   0.0000000E+00
   0.0000000E+00
   0.0000000E+00
   0.0000000E+00
   0.0000000E+00
   0.0000000E+00
   0.0000000E+00
   0.0000000E+00
   0.0000000E+00
   0.0000000E+00
   0.0000000E+00
   0.0000000E+00
   0.0000000E+00
   0.0000000E+00
   0.0000000E+00
   0.0000000E+00
   0.0000000E+00
   0.0000000E+00
   0.0000000E+00
   0.0000000E+00
   0.0000000E+00
   3.4684043E-03
   4.4725672E-03
   3.7287255E-03
   5.5461745E-03
   1.5749241E-03
   5.4451618E-03
   3.3687934E-04
   5.2493922E-03
   9.1174967E-05
   3.7141633E-03
   1.5545285E-03
   8.5650460E-04
   2.9181247E-03
   5.7236716E-04
   7.9467747E-05
   1.8251424E-04
   0.0000000E+00
   0.0000000E+00
   0.0000000E+00
   0.0000000E+00
   0.0000000E+00
   0.0000000E+00
   0.0000000E+00
   0.0000000E+00
   0.0000000E+00
   0.0000000E+00
   0.0000000E+00
   0.0000000E+00
   0.0000000E+00
   0.0000000E+00
   0.0000000E+00
   0.0000000E+00
   0.0000000E+00
   0.0000000E+00
   0.0000000E+00
   0.0000000E+00
   0.0000000E+00
   0.0000000E+00
   0.0000000E+00
   0.0000000E+00
   0.0000000E+00
   0.0000000E+00
   0.0000000E+00
   0.0000000E+00
   0.0000000E+00
   0.0000000E+00
   0.0000000E+00
   0.0000000E+00
   0.0000000E+00
   0.0000000E+00
   0.0000000E+00
   0.0000000E+00
   0.0000000E+00
   0.0000000E+00
   0.0000000E+00
   0.0000000E+00
   0.0000000E+00
   0.0000000E+00
   0.0000000E+00
   0.0000000E+00
   0.0000000E+00
   0.0000000E+00
   0.0000000E+00
   0.0000000E+00
   2.6021996E-06
   2.9027878E-04
   2.3519049E-05
   4.6848800E-05
   2.2573867E-04
   2.2443687E-04
   2.8827984E-04
   6.5687549E-04
   1.5282838E-04
   1.4701335E-03
   2.2611421E-05
   2.0230196E-03
   1.5075485E-03
   5.2534835E-04
   5.6347130E-03
   5.4590567E-03
   1.3682701E-03
   0.0000000E+00
   0.0000000E+00
   0.0000000E+00
   0.0000000E+00
   0.0000000E+00
   0.0000000E+00
   0.0000000E+00
   0.0000000E+00
   0.0000000E+00
   0.0000000E+00
   0.0000000E+00
   0.0000000E+00
   0.0000000E+00
   0.0000000E+00
   0.0000000E+00
   0.0000000E+00
   0.0000000E+00
   0.0000000E+00
   0.0000000E+00
   0.0000000E+00
   0.0000000E+00
   0.0000000E+00
   0.0000000E+00
   0.0000000E+00
   0.0000000E+00
   0.0000000E+00
   0.0000000E+00
   0.0000000E+00
   0.0000000E+00
   0.0000000E+00
   0.0000000E+00
   0.0000000E+00
   0.0000000E+00
   0.0000000E+00
   0.0000000E+00
   0.0000000E+00
   0.0000000E+00
   0.0000000E+00
   0.0000000E+00
   0.0000000E+00
   0.0000000E+00
   0.0000000E+00
   0.0000000E+00
   0.0000000E+00
   0.0000000E+00
   0.0000000E+00
   0.0000000E+00
   2.9734885E-03
   6.3232833E-04
   3.6834260E-03
   2.8429218E-04
   3.0180477E-03
   6.0406153E-04
   2.0206389E-03
   1.1622157E-03
   9.4293320E-04
   1.7966247E-03
   9.6885182E-05
   1.8545338E-03
   2.5763130E-04
   7.0640573E-04
   1.1750233E-03
   1.3954611E-04
   5.1722171E-05
   6.8934794E-05
   0.0000000E+00
   0.0000000E+00
   0.0000000E+00
   0.0000000E+00
   0.0000000E+00
   0.0000000E+00
   0.0000000E+00
   0.0000000E+00
   0.0000000E+00
   0.0000000E+00
   0.0000000E+00
   0.0000000E+00
   0.0000000E+00
   0.0000000E+00
   0.0000000E+00
   0.0000000E+00
   0.0000000E+00
   0.0000000E+00
   0.0000000E+00
   0.0000000E+00
   0.0000000E+00
   0.0000000E+00
   0.0000000E+00
   0.0000000E+00
   0.0000000E+00
   0.0000000E+00
   0.0000000E+00
   0.0000000E+00
   0.0000000E+00
   0.0000000E+00
   0.0000000E+00
   0.0000000E+00
   0.0000000E+00
   0.0000000E+00
   0.0000000E+00
   0.0000000E+00
   0.0000000E+00
   0.0000000E+00
   0.0000000E+00
   0.0000000E+00
   0.0000000E+00
   0.0000000E+00
   0.0000000E+00
   0.0000000E+00
   0.0000000E+00
   0.0000000E+00
   3.0320873E-06
   1.8763272E-04
   8.6942542E-05
   1.6720562E-06
   1.1826822E-04
   1.0409079E-08
   2.5105744E-04
   2.1122842E-05
   3.6213826E-04
   1.7310680E-04
   3.1622918E-04
   6.4094685E-04
   4.4936507E-05
   1.2593399E-03
   4.0699283E-04
   6.2438095E-04
   3.0005670E-03
   2.3382590E-03
   5.1367754E-04
   0.0000000E+00
   0.0000000E+00
   0.0000000E+00
   0.0000000E+00
   0.0000000E+00
   0.0000000E+00
   0.0000000E+00
   0.0000000E+00
   0.0000000E+00
   0.0000000E+00
   0.0000000E+00
   0.0000000E+00
   0.0000000E+00
   0.0000000E+00
   0.0000000E+00
   0.0000000E+00
   0.0000000E+00
   0.0000000E+00
   0.0000000E+00
   0.0000000E+00
   0.0000000E+00
   0.0000000E+00
   0.0000000E+00
   0.0000000E+00
   0.0000000E+00
   0.0000000E+00
   0.0000000E+00
   0.0000000E+00
   0.0000000E+00
   0.0000000E+00
   0.0000000E+00
   0.0000000E+00
   0.0000000E+00
   0.0000000E+00
   0.0000000E+00
   0.0000000E+00
   0.0000000E+00
   0.0000000E+00
   0.0000000E+00
   0.0000000E+00
   0.0000000E+00
   0.0000000E+00
   0.0000000E+00
   0.0000000E+00
   0.0000000E+00
   1.4844255E-03
   1.0360681E-03
   1.8061757E-03
   2.9774240E-04
   1.4334042E-03
   1.0394903E-04
   1.3357280E-03
   1.3950164E-06
   1.1597954E-03
   9.4475625E-05
   7.7377964E-04
   4.2942422E-04
   2.3401921E-04
   7.3975296E-04
   1.4115657E-05
   4.3038349E-04
   4.3259404E-04
   2.8738506E-05
   2.7450078E-05
   2.4804833E-05
   0.0000000E+00
   0.0000000E+00
   0.0000000E+00
   0.0000000E+00
   0.0000000E+00
   0.0000000E+00
   0.0000000E+00
   0.0000000E+00
   0.0000000E+00
   0.0000000E+00
   0.0000000E+00
   0.0000000E+00
   0.0000000E+00
   0.0000000E+00
   0.0000000E+00
   0.0000000E+00
   0.0000000E+00
   0.0000000E+00
   0.0000000E+00
   0.0000000E+00
   0.0000000E+00
   0.0000000E+00
   0.0000000E+00
   0.0000000E+00
   0.0000000E+00
   0.0000000E+00
   0.0000000E+00
   0.0000000E+00
   0.0000000E+00
   0.0000000E+00
   0.0000000E+00
   0.0000000E+00
   0.0000000E+00
   0.0000000E+00
   0.0000000E+00
   0.0000000E+00
   0.0000000E+00
   0.0000000E+00
   0.0000000E+00
   0.0000000E+00
   0.0000000E+00
   0.0000000E+00
   0.0000000E+00
   0.0000000E+00
   3.4746686E-06
   1.0764020E-04
   5.6261192E-06
   2.2592827E-05
   2.7753444E-05
   2.8015103E-05
   6.3094783E-05
   2.8180590E-05
   1.3810191E-04
   7.2630901E-06
   2.4018787E-04
   1.2761848E-05
   2.8488206E-04
   1.9391612E-04
   1.2386114E-04
   6.2587578E-04
   6.6788620E-05
   5.0268788E-04
   1.4524679E-03
   9.4078755E-04
   1.8362595E-04
   0.0000000E+00
   0.0000000E+00
   0.0000000E+00
   0.0000000E+00
   0.0000000E+00
   0.0000000E+00
   0.0000000E+00
   0.0000000E+00
   0.0000000E+00
   0.0000000E+00
   0.0000000E+00
   0.0000000E+00
   0.0000000E+00
   0.0000000E+00
   0.0000000E+00
   0.0000000E+00
   0.0000000E+00
   0.0000000E+00
   0.0000000E+00
   0.0000000E+00
   0.0000000E+00
   0.0000000E+00
   0.0000000E+00
   0.0000000E+00
   0.0000000E+00
   0.0000000E+00
   0.0000000E+00
   0.0000000E+00
   0.0000000E+00
   0.0000000E+00
   0.0000000E+00
   0.0000000E+00
   0.0000000E+00
   0.0000000E+00
   0.0000000E+00
   0.0000000E+00
   0.0000000E+00
   0.0000000E+00
   0.0000000E+00
   0.0000000E+00
   0.0000000E+00
   0.0000000E+00
   0.0000000E+00
   3.5378060E-05
   5.4354023E-04
   1.0164387E-04
   6.4353301E-04
   1.5942004E-04
   4.7122789E-04
   2.3922321E-04
   2.8306537E-04
   3.4279976E-04
   1.0888520E-04
   4.2671023E-04
   4.1096159E-06
   3.9874049E-04
   5.8770347E-05
   1.9868156E-04
   2.4143091E-04
   2.9067587E-06
   2.1688870E-04
   1.4601565E-04
   4.5117886E-06
   1.2658178E-05
   8.4744543E-06
   0.0000000E+00
   0.0000000E+00
   0.0000000E+00
   0.0000000E+00
   0.0000000E+00
   0.0000000E+00
   0.0000000E+00
   0.0000000E+00
   0.0000000E+00
   0.0000000E+00
   0.0000000E+00
   0.0000000E+00
   0.0000000E+00
   0.0000000E+00
   0.0000000E+00
   0.0000000E+00
   0.0000000E+00
   0.0000000E+00
   0.0000000E+00
   0.0000000E+00
   0.0000000E+00
   0.0000000E+00
   0.0000000E+00
   0.0000000E+00
   0.0000000E+00
   0.0000000E+00
   0.0000000E+00
   0.0000000E+00
   0.0000000E+00
   0.0000000E+00
   0.0000000E+00
   0.0000000E+00
   0.0000000E+00
   0.0000000E+00
   0.0000000E+00
   0.0000000E+00
   0.0000000E+00
   0.0000000E+00
   0.0000000E+00
   0.0000000E+00
   0.0000000E+00
   0.0000000E+00
   3.9016286E-06
   1.5464808E-04
   1.4386692E-05
   1.2514869E-05
   4.3622076E-06
   2.6027632E-05
   1.8965324E-06
   3.9209193E-05
   1.0526532E-05
   4.6833655E-05
   4.0809715E-05
   3.3438791E-05
   1.0288617E-04
   3.4891357E-06
   1.6913628E-04
   3.5044352E-05
   1.2482554E-04
   2.5591996E-04
   2.0475329E-06
   3.2204273E-04
   6.4430875E-04
   3.5536740E-04
   6.2294501E-05
   0.0000000E+00
   0.0000000E+00
   0.0000000E+00
   0.0000000E+00
   0.0000000E+00
   0.0000000E+00
   0.0000000E+00
   0.0000000E+00
   0.0000000E+00
   0.0000000E+00
   0.0000000E+00
   0.0000000E+00
   0.0000000E+00
   0.0000000E+00
   0.0000000E+00
   0.0000000E+00
   0.0000000E+00
   0.0000000E+00
   0.0000000E+00
   0.0000000E+00
   0.0000000E+00
   0.0000000E+00
   0.0000000E+00
   0.0000000E+00
   0.0000000E+00
   0.0000000E+00
   0.0000000E+00
   0.0000000E+00
   0.0000000E+00
   0.0000000E+00
   0.0000000E+00
   0.0000000E+00
   0.0000000E+00
   0.0000000E+00
   0.0000000E+00
   0.0000000E+00
   0.0000000E+00
   0.0000000E+00
   0.0000000E+00
   0.0000000E+00
   0.0000000E+00
   2.8291327E-06
   6.4389495E-04
   2.6505852E-05
   3.3526198E-04
   1.1583886E-05
   2.6960543E-04
   9.2663163E-07
   2.4638083E-04
   7.8298754E-06
   1.9641047E-04
   4.3458029E-05
   1.1972816E-04
   1.0545109E-04
   3.4486620E-05
   1.5097970E-04
   1.0864973E-06
   1.1241707E-04
   6.3614789E-05
   1.1660952E-05
   9.4830386E-05
   4.5189343E-05
   3.9833526E-07
   5.2233158E-06
   2.7418712E-06
   0.0000000E+00
   0.0000000E+00
   0.0000000E+00
   0.0000000E+00
   0.0000000E+00
   0.0000000E+00
   0.0000000E+00
   0.0000000E+00
   0.0000000E+00
   0.0000000E+00
   0.0000000E+00
   0.0000000E+00
   0.0000000E+00
   0.0000000E+00
   0.0000000E+00
   0.0000000E+00
   0.0000000E+00
   0.0000000E+00
   0.0000000E+00
   0.0000000E+00
   0.0000000E+00
   0.0000000E+00
   0.0000000E+00
   0.0000000E+00
   0.0000000E+00
   0.0000000E+00
   0.0000000E+00
   0.0000000E+00
   0.0000000E+00
   0.0000000E+00
   0.0000000E+00
   0.0000000E+00
   0.0000000E+00
   0.0000000E+00
   0.0000000E+00
   0.0000000E+00
   0.0000000E+00
   0.0000000E+00
   0.0000000E+00
   0.0000000E+00
   4.2431470E-06
   1.1982241E-04
   2.5782027E-05
   1.5669932E-05
   1.1558666E-05
   4.7467142E-06
   3.9657671E-06
   1.2953047E-05
   1.3935387E-06
   2.3143368E-05
   5.6446577E-08
   3.3731685E-05
   4.8869715E-06
   3.4168133E-05
   2.9189285E-05
   1.5448864E-05
   7.4316275E-05
   1.5334604E-06
   8.3433777E-05
   8.6371285E-05
   2.9372620E-06
   1.7515385E-04
   2.6328891E-04
   1.2595965E-04
   2.0004845E-05
   0.0000000E+00
   0.0000000E+00
   0.0000000E+00
   0.0000000E+00
   0.0000000E+00
   0.0000000E+00
   0.0000000E+00
   0.0000000E+00
   0.0000000E+00
   0.0000000E+00
   0.0000000E+00
   0.0000000E+00
   0.0000000E+00
   0.0000000E+00
   0.0000000E+00
   0.0000000E+00
   0.0000000E+00
   0.0000000E+00
   0.0000000E+00
   0.0000000E+00
   0.0000000E+00
   0.0000000E+00
   0.0000000E+00
   0.0000000E+00
   0.0000000E+00
   0.0000000E+00
   0.0000000E+00
   0.0000000E+00
   0.0000000E+00
   0.0000000E+00
   0.0000000E+00
   0.0000000E+00
   0.0000000E+00
   0.0000000E+00
   0.0000000E+00
   0.0000000E+00
   0.0000000E+00
   0.0000000E+00
   0.0000000E+00
   1.7302508E-04
   2.0563662E-05
   1.4530671E-04
   5.0232782E-05
   1.1070252E-04
   5.9220787E-05
   6.0003549E-05
   6.2310712E-05
   2.8895853E-05
   7.3368210E-05
   6.7406004E-06
   7.7648641E-05
   2.0077340E-07
   6.6614899E-05
   1.4608044E-05
   3.3402284E-05
   4.3289390E-05
   2.5201796E-06
   4.9271810E-05
   1.2732738E-05
   1.1202521E-05
   3.6854079E-05
   1.2800384E-05
   7.3650941E-10
   1.9592719E-06
   8.3844793E-07
   0.0000000E+00
   0.0000000E+00
   0.0000000E+00
   0.0000000E+00
   0.0000000E+00
   0.0000000E+00
   0.0000000E+00
   0.0000000E+00
   0.0000000E+00
   0.0000000E+00
   0.0000000E+00
   0.0000000E+00
   0.0000000E+00
   0.0000000E+00
   0.0000000E+00
   0.0000000E+00
   0.0000000E+00
   0.0000000E+00
   0.0000000E+00
   0.0000000E+00
   0.0000000E+00
   0.0000000E+00
   0.0000000E+00
   0.0000000E+00
   0.0000000E+00
   0.0000000E+00
   0.0000000E+00
   0.0000000E+00
   0.0000000E+00
   0.0000000E+00
   0.0000000E+00
   0.0000000E+00
   0.0000000E+00
   0.0000000E+00
   0.0000000E+00
   0.0000000E+00
   0.0000000E+00
   0.0000000E+00
   4.3316177E-06
   1.4753900E-04
   3.4621815E-05
   2.5226425E-05
   3.4287052E-05
   1.8949220E-06
   1.2143249E-05
   1.6081353E-06
   6.0214225E-06
   3.0090507E-06
   4.7019180E-06
   7.2345565E-06
   2.8172005E-06
   1.4984077E-05
   9.5100553E-08
   1.9942956E-05
   4.5694610E-06
   1.5534777E-05
   2.4851070E-05
   9.1744141E-07
   4.2951098E-05
   2.3521423E-05
   7.3261153E-06
   8.3558021E-05
   9.9463818E-05
   4.1875312E-05
   6.0691086E-06
   0.0000000E+00
   0.0000000E+00
   0.0000000E+00
   0.0000000E+00
   0.0000000E+00
   0.0000000E+00
   0.0000000E+00
   0.0000000E+00
   0.0000000E+00
   0.0000000E+00
   0.0000000E+00
   0.0000000E+00
   0.0000000E+00
   0.0000000E+00
   0.0000000E+00
   0.0000000E+00
   0.0000000E+00
   0.0000000E+00
   0.0000000E+00
   0.0000000E+00
   0.0000000E+00
   0.0000000E+00
   0.0000000E+00
   0.0000000E+00
   0.0000000E+00
   0.0000000E+00
   0.0000000E+00
   0.0000000E+00
   0.0000000E+00
   0.0000000E+00
   0.0000000E+00
   0.0000000E+00
   0.0000000E+00
   0.0000000E+00
   0.0000000E+00
   0.0000000E+00
   0.0000000E+00
   3.7402308E-06
   1.1793057E-05
   7.2910123E-05
   2.8544080E-05
   4.6550416E-05
   2.9012247E-06
   3.8587430E-05
   2.4334740E-06
   2.9920684E-05
   5.4824332E-06
   2.6754160E-05
   1.3066669E-05
   1.2097021E-05
   1.9391409E-05
   2.6581849E-06
   2.5426367E-05
   3.8149878E-07
   1.8610590E-05
   9.0865415E-06
   4.5268425E-06
   1.7672612E-05
   1.6030909E-06
   6.9340972E-06
   1.2896930E-05
   3.3031913E-06
   2.5782297E-08
   6.7404932E-07
   2.4191465E-07
   0.0000000E+00
   0.0000000E+00
   0.0000000E+00
   0.0000000E+00
   0.0000000E+00
   0.0000000E+00
   0.0000000E+00
   0.0000000E+00
   0.0000000E+00
   0.0000000E+00
   0.0000000E+00
   0.0000000E+00
   0.0000000E+00
   0.0000000E+00
   0.0000000E+00
   0.0000000E+00
   0.0000000E+00
   0.0000000E+00
   0.0000000E+00
   0.0000000E+00
   0.0000000E+00
   0.0000000E+00
   0.0000000E+00
   0.0000000E+00
   0.0000000E+00
   0.0000000E+00
   0.0000000E+00
   0.0000000E+00
   0.0000000E+00
   0.0000000E+00
   0.0000000E+00
   0.0000000E+00
   0.0000000E+00
   0.0000000E+00
   0.0000000E+00
   0.0000000E+00
   3.7705099E-06
   1.9637753E-04
   6.6834713E-05
   5.4932756E-05
   7.2517207E-05
   4.1168278E-06
   2.4105289E-05
   2.8393176E-06
   2.6265500E-06
   7.0699429E-07
   5.8772926E-06
   1.1175176E-06
   3.0388835E-06
   1.5198108E-06
   2.8965198E-06
   4.5934585E-06
   1.5217636E-06
   8.2669085E-06
   1.3763642E-07
   9.3276576E-06
   6.1625910E-06
   2.6429252E-06
   1.8115932E-05
   4.8144020E-06
   6.7874553E-06
   3.5635236E-05
   3.4817411E-05
   1.3050751E-05
   1.7369738E-06
   0.0000000E+00
   0.0000000E+00
   0.0000000E+00
   0.0000000E+00
   0.0000000E+00
   0.0000000E+00
   0.0000000E+00
   0.0000000E+00
   0.0000000E+00
   0.0000000E+00
   0.0000000E+00
   0.0000000E+00
   0.0000000E+00
   0.0000000E+00
   0.0000000E+00
   0.0000000E+00
   0.0000000E+00
   0.0000000E+00
   0.0000000E+00
   0.0000000E+00
   0.0000000E+00
   0.0000000E+00
   0.0000000E+00
   0.0000000E+00
   0.0000000E+00
   0.0000000E+00
   0.0000000E+00
   0.0000000E+00
   0.0000000E+00
   0.0000000E+00
   0.0000000E+00
   0.0000000E+00
   0.0000000E+00
   0.0000000E+00
   0.0000000E+00
   6.3729713E-05
   2.7316195E-05
   6.6580353E-05
   8.2704348E-05
   9.2070353E-05
   8.4487201E-06
   4.3635202E-05
   8.3879895E-06
   1.9304964E-05
   3.1571258E-06
   1.3688561E-05
   1.9661759E-06
   1.4796462E-05
   2.8311663E-06
   1.1741897E-05
   2.1500205E-06
   3.6286185E-06
   6.8101590E-06
   4.9276281E-07
   7.6614788E-06
   1.2097105E-06
   3.2227031E-06
   5.1593365E-06
   5.4902877E-08
   3.3181857E-06
   4.0766690E-06
   7.7492678E-07
   3.0795089E-08
   2.1471823E-07
   6.5569388E-08
   0.0000000E+00
   0.0000000E+00
   0.0000000E+00
   0.0000000E+00
   0.0000000E+00
   0.0000000E+00
   0.0000000E+00
   0.0000000E+00
   0.0000000E+00
   0.0000000E+00
   0.0000000E+00
   0.0000000E+00
   0.0000000E+00
   0.0000000E+00
   0.0000000E+00
   0.0000000E+00
   0.0000000E+00
   0.0000000E+00
   0.0000000E+00
   0.0000000E+00
   0.0000000E+00
   0.0000000E+00
   0.0000000E+00
   0.0000000E+00
   0.0000000E+00
   0.0000000E+00
   0.0000000E+00
   0.0000000E+00
   0.0000000E+00
   0.0000000E+00
   0.0000000E+00
   0.0000000E+00
   0.0000000E+00
   0.0000000E+00
   1.7789981E-06
   3.1445993E-04
   1.3116655E-04
   1.3106900E-04
   2.0002197E-04
   8.4812709E-06
   8.7990877E-05
   1.0795607E-05
   1.0449636E-05
   4.1817730E-06
   1.4539551E-05
   7.2314474E-06
   4.3530322E-06
   7.5862586E-06
   7.5310445E-06
   4.5358539E-07
   2.7903300E-06
   1.7885209E-06
   2.2231154E-06
   2.7105225E-06
   4.0518191E-07
   4.0383929E-06
   8.7680809E-07
   2.2753222E-06
   6.2694799E-06
   5.9243558E-07
   4.2722618E-06
   1.3712176E-05
   1.1345210E-05
   3.7999243E-06
   4.6705480E-07
   0.0000000E+00
   0.0000000E+00
   0.0000000E+00
   0.0000000E+00
   0.0000000E+00
   0.0000000E+00
   0.0000000E+00
   0.0000000E+00
   0.0000000E+00
   0.0000000E+00
   0.0000000E+00
   0.0000000E+00
   0.0000000E+00
   0.0000000E+00
   0.0000000E+00
   0.0000000E+00
   0.0000000E+00
   0.0000000E+00
   0.0000000E+00
   0.0000000E+00
   0.0000000E+00
   0.0000000E+00
   0.0000000E+00
   0.0000000E+00
   0.0000000E+00
   0.0000000E+00
   0.0000000E+00
   0.0000000E+00
   0.0000000E+00
   0.0000000E+00
   0.0000000E+00
   0.0000000E+00
   0.0000000E+00
   4.5712532E-05
   6.8006673E-05
   1.0247392E-04
   1.3081865E-04
   1.5047051E-04
   3.7583093E-05
   7.3921648E-05
   2.5966156E-05
   1.0002535E-05
   1.1616514E-05
   3.2126703E-05
   1.0499746E-05
   4.0004202E-06
   1.9699441E-05
   7.9054789E-06
   1.3720313E-06
   9.1833153E-06
   3.5293385E-06
   3.3442484E-06
   9.0328058E-07
   1.8128433E-06
   2.8623194E-06
   2.5731833E-07
   2.0395785E-06
   1.6202688E-06
   1.7169745E-07
   1.4369600E-06
   1.2144153E-06
   1.5186686E-07
   2.1597483E-08
   5.9482097E-08
   1.7121822E-08
   0.0000000E+00
   0.0000000E+00
   0.0000000E+00
   0.0000000E+00
   0.0000000E+00
   0.0000000E+00
   0.0000000E+00
   0.0000000E+00
   0.0000000E+00
   0.0000000E+00
   0.0000000E+00
   0.0000000E+00
   0.0000000E+00
   0.0000000E+00
   0.0000000E+00
   0.0000000E+00
   0.0000000E+00
   0.0000000E+00
   0.0000000E+00
   0.0000000E+00
   0.0000000E+00
   0.0000000E+00
   0.0000000E+00
   0.0000000E+00
   0.0000000E+00
   0.0000000E+00
   0.0000000E+00
   0.0000000E+00
   0.0000000E+00
   0.0000000E+00
   0.0000000E+00
   0.0000000E+00
   1.1962313E-06
   7.2705798E-04
   3.3570064E-04
   3.7862777E-04
   6.3800911E-04
   3.4212695E-05
   3.6054337E-04
   4.7146405E-05
   5.3744705E-05
   2.2709941E-05
   1.0494648E-04
   4.8100443E-05
   1.7908233E-05
   8.9179855E-05
   5.2719359E-05
   7.1369550E-06
   3.0459478E-05
   2.5089434E-05
   1.4047673E-05
   1.2608333E-06
   1.0194271E-05
   2.2630256E-06
   5.1766045E-07
   4.7425601E-06
   2.2583281E-06
   3.5186772E-06
   2.9716316E-06
   1.1778354E-07
   2.6654154E-06
   4.7315721E-06
   3.2890377E-06
   1.0788488E-06
   1.1529463E-07
   0.0000000E+00
   0.0000000E+00
   0.0000000E+00
   0.0000000E+00
   0.0000000E+00
   0.0000000E+00
   0.0000000E+00
   0.0000000E+00
   0.0000000E+00
   0.0000000E+00
   0.0000000E+00
   0.0000000E+00
   0.0000000E+00
   0.0000000E+00
   0.0000000E+00
   0.0000000E+00
   0.0000000E+00
   0.0000000E+00
   0.0000000E+00
   0.0000000E+00
   0.0000000E+00
   0.0000000E+00
   0.0000000E+00
   0.0000000E+00
   0.0000000E+00
   0.0000000E+00
   0.0000000E+00
   0.0000000E+00
   0.0000000E+00
   0.0000000E+00
   0.0000000E+00
   8.8999877E-05
   1.0926215E-04
   2.4722339E-04
   3.8559773E-04
   4.1061753E-04
   7.2241019E-05
   2.6688204E-04
   9.1707094E-05
   5.8204365E-05
   5.2998734E-05
   1.9365181E-04
   8.6019078E-05
   6.0681516E-05
   1.5422510E-04
   1.2470654E-04
   4.0775223E-05
   6.5233718E-05
   6.3465370E-05
   4.4281758E-05
   5.5555388E-06
   3.3077122E-05
   1.0263921E-05
   9.9292520E-06
   1.4988754E-05
   1.3612590E-05
   2.0786505E-05
   7.9078818E-06
   1.0499376E-06
   2.9365419E-06
   6.3639609E-06
   8.8086534E-07
   1.2358879E-06
   1.3674382E-07
   1.8255454E-07
   0.0000000E+00
   0.0000000E+00
   0.0000000E+00
   0.0000000E+00
   0.0000000E+00
   0.0000000E+00
   0.0000000E+00
   0.0000000E+00
   0.0000000E+00
   0.0000000E+00
   0.0000000E+00
   0.0000000E+00
   0.0000000E+00
   0.0000000E+00
   0.0000000E+00
   0.0000000E+00
   0.0000000E+00
   0.0000000E+00
   0.0000000E+00
   0.0000000E+00
   0.0000000E+00
   0.0000000E+00
   0.0000000E+00
   0.0000000E+00
   0.0000000E+00
   0.0000000E+00
   0.0000000E+00
   0.0000000E+00
   0.0000000E+00
   0.0000000E+00
   3.9267226E-04
   4.5288256E-03
   2.7786240E-03
   2.8787265E-03
   4.5245285E-03
   3.6668405E-04
   3.1509965E-03
   4.6172639E-04
   8.2382438E-04
   3.8994450E-04
   1.6550131E-03
   6.4634893E-04
   4.1993530E-04
   1.9704560E-03
   1.5010963E-03
   3.3047950E-04
   1.3231119E-03
   1.0840412E-03
   7.4663333E-04
   1.0134011E-04
   6.1645801E-04
   1.1322497E-04
   5.0251856E-05
   3.6134414E-04
   3.1552446E-04
   5.4672209E-04
   2.8660052E-04
   4.5132641E-05
   1.2454220E-04
   2.9976296E-04
   4.5681452E-05
   1.1416362E-04
   1.9509966E-05
   5.1265615E-05
   4.6922989E-05
   0.0000000E+00
   0.0000000E+00
   0.0000000E+00
   0.0000000E+00
   0.0000000E+00
   0.0000000E+00
   0.0000000E+00
   0.0000000E+00
   0.0000000E+00
   0.0000000E+00
   0.0000000E+00
   0.0000000E+00
   0.0000000E+00
   0.0000000E+00
   0.0000000E+00
   0.0000000E+00
   0.0000000E+00
   0.0000000E+00
   0.0000000E+00
   0.0000000E+00
   0.0000000E+00
   0.0000000E+00
   0.0000000E+00
   0.0000000E+00
   0.0000000E+00
   0.0000000E+00
   0.0000000E+00
   0.0000000E+00
   0.0000000E+00
   7.5892382E-04
   1.1124419E-03
   1.7539236E-03
   2.0865214E-03
   2.1830287E-03
   6.0302863E-04
   2.0515658E-03
   1.1467036E-03
   6.7529571E-04
   7.9811009E-04
   2.9119474E-03
   1.1388838E-03
   1.4566113E-03
   3.2341699E-03
   2.7736684E-03
   1.1149262E-03
   2.4045683E-03
   2.0849879E-03
   1.7107010E-03
   3.9084043E-04
   1.7950977E-03
   8.1722945E-04
   7.3716638E-04
   1.5409925E-03
   1.6515888E-03
   2.8437697E-03
   1.6831120E-03
   3.0740834E-04
   1.1747829E-03
   3.2089315E-03
   6.8883074E-04
   1.8433954E-03
   4.5039959E-04
   1.7098689E-03
   3.2105548E-03
   9.3165034E-04
   0.0000000E+00
   0.0000000E+00
   0.0000000E+00
   0.0000000E+00
   0.0000000E+00
   0.0000000E+00
   0.0000000E+00
   0.0000000E+00
   0.0000000E+00
   0.0000000E+00
   0.0000000E+00
   0.0000000E+00
   0.0000000E+00
   0.0000000E+00
   0.0000000E+00
   0.0000000E+00
   0.0000000E+00
   0.0000000E+00
   0.0000000E+00
   0.0000000E+00
   0.0000000E+00
   0.0000000E+00
   0.0000000E+00
   0.0000000E+00
   0.0000000E+00
   0.0000000E+00
   0.0000000E+00
   0.0000000E+00
   4.3652286E-03
   1.0110900E-03
   1.2748589E-02
   3.4114134E-03
   2.0206696E-03
   6.0997863E-04
   3.2058841E-04
   1.7756139E-03
   2.3759187E-03
   3.7720280E-03
   1.6413663E-03
   9.2034007E-04
   3.0442390E-03
   1.0700860E-03
   2.0549716E-03
   3.7653404E-03
   5.1301741E-03
   1.3121479E-03
   9.9596230E-04
   1.6738157E-03
   7.9782051E-04
   3.3367663E-03
   3.4825837E-03
   1.0864353E-03
   1.3900779E-03
   8.1694353E-04
   8.3295943E-04
   6.5631332E-04
   1.4593125E-03
   4.5449049E-03
   1.8578902E-03
   1.6514588E-03
   8.7230018E-04
   8.2443061E-04
   1.4498751E-03
   5.9728971E-04
   2.7808324E-03
   0.0000000E+00
   0.0000000E+00
   0.0000000E+00
   0.0000000E+00
   0.0000000E+00
   0.0000000E+00
   0.0000000E+00
   0.0000000E+00
   0.0000000E+00
   0.0000000E+00
   0.0000000E+00
   0.0000000E+00
   0.0000000E+00
   0.0000000E+00
   0.0000000E+00
   0.0000000E+00
   0.0000000E+00
   0.0000000E+00
   0.0000000E+00
   0.0000000E+00
   0.0000000E+00
   0.0000000E+00
   0.0000000E+00
   0.0000000E+00
   0.0000000E+00
   0.0000000E+00
   0.0000000E+00
   9.5439237E-04
   3.2971308E-03
   8.9681195E-03
   8.5582206E-04
   1.7635638E-03
   2.2866882E-03
   3.9672009E-03
   2.8499763E-03
   4.4816799E-04
   1.1151769E-03
   5.3781075E-03
   5.8280337E-03
   2.6702376E-03
   6.7091244E-03
   1.4959674E-03
   2.3550494E-03
   2.4942749E-03
   1.5522162E-03
   6.0451945E-04
   2.1663334E-03
   2.3917020E-03
   2.3744996E-03
   4.4332161E-03
   1.0809572E-03
   1.6963230E-03
   4.0624626E-03
   1.0743684E-03
   1.5421005E-03
   1.1839411E-03
   1.5553050E-03
   2.2609187E-03
   5.1165081E-04
   2.9733432E-03
   9.1707753E-04
   2.5563891E-04
   1.2315287E-03
   2.5581890E-03
   1.0818385E-03
   0.0000000E+00
   0.0000000E+00
   0.0000000E+00
   0.0000000E+00
   0.0000000E+00
   0.0000000E+00
   0.0000000E+00
   0.0000000E+00
   0.0000000E+00
   0.0000000E+00
   0.0000000E+00
   0.0000000E+00
   0.0000000E+00
   0.0000000E+00
   0.0000000E+00
   0.0000000E+00
   0.0000000E+00
   0.0000000E+00
   0.0000000E+00
   0.0000000E+00
   0.0000000E+00
   0.0000000E+00
   0.0000000E+00
   0.0000000E+00
   0.0000000E+00
   0.0000000E+00
   1.1255591E-04
   9.0946220E-03
   2.1500529E-03
   2.7621616E-04
   3.5510953E-03
   5.5505130E-03
   2.0622790E-03
   1.3200983E-03
   1.7128164E-03
   1.4048091E-03
   2.8917626E-03
   2.1749607E-03
   3.0249616E-03
   2.0683983E-03
   1.3539694E-03
   1.7646138E-04
   6.0101767E-04
   5.5326422E-04
   2.6174614E-03
   1.2691505E-03
   8.4984221E-04
   3.2002078E-03
   2.4372700E-04
   1.7083783E-03
   5.5992143E-04
   9.3824253E-04
   1.1404966E-03
   1.5750513E-03
   1.4248592E-03
   2.9041404E-03
   9.6534519E-04
   4.4453575E-04
   1.2730514E-03
   1.2221412E-03
   8.4859459E-04
   4.2991078E-04
   1.2060664E-05
   5.5979576E-04
   2.6331532E-03
   0.0000000E+00
   0.0000000E+00
   0.0000000E+00
   0.0000000E+00
   0.0000000E+00
   0.0000000E+00
   0.0000000E+00
   0.0000000E+00
   0.0000000E+00
   0.0000000E+00
   0.0000000E+00
   0.0000000E+00
   0.0000000E+00
   0.0000000E+00
   0.0000000E+00
   0.0000000E+00
   0.0000000E+00
   0.0000000E+00
   0.0000000E+00
   0.0000000E+00
   0.0000000E+00
   0.0000000E+00
   0.0000000E+00
   0.0000000E+00
   0.0000000E+00
   1.0931513E-03
   1.6564609E-03
   4.3142342E-04
   5.4203789E-04
   9.1770443E-04
   2.0050032E-03
   2.2338778E-03
   4.0289402E-04
   1.3006756E-03
   3.7801071E-04
   1.0311097E-03
   3.7763624E-03
   1.5072684E-03
   1.1986926E-03
   8.8698510E-04
   2.1157078E-03
   2.0606972E-03
   2.9463458E-03
   2.8911070E-03
   2.1565307E-03
   1.4405703E-03
   9.2531968E-04
   3.3425414E-03
   5.4830726E-04
   7.1960635E-04
   2.2808339E-03
   1.1264614E-03
   2.9370207E-03
   1.2083672E-03
   3.2195912E-03
   9.9362805E-04
   5.3983612E-04
   4.7335605E-04
   3.1023988E-04
   2.6588298E-03
   1.3606781E-03
   1.3292345E-03
   5.7218736E-04
   1.0134397E-03
   1.3507883E-03
   0.0000000E+00
   0.0000000E+00
   0.0000000E+00
   0.0000000E+00
   0.0000000E+00
   0.0000000E+00
   0.0000000E+00
   0.0000000E+00
   0.0000000E+00
   0.0000000E+00
   0.0000000E+00
   0.0000000E+00
   0.0000000E+00
   0.0000000E+00
   0.0000000E+00
   0.0000000E+00
   0.0000000E+00
   0.0000000E+00
   0.0000000E+00
   0.0000000E+00
   0.0000000E+00
   0.0000000E+00
   0.0000000E+00
   0.0000000E+00
   3.1833790E-04
   4.9728178E-03
   4.6929233E-03
   2.7768563E-03
   1.8582848E-03
   9.8040060E-04
   4.8978329E-03
   2.7399682E-03
   3.7390424E-04
   1.5746186E-03
   2.8814280E-03
   9.3999249E-04
   1.5649373E-04
   6.3161744E-04
   1.2798703E-03
   1.6262188E-03
   1.8424579E-03
   3.6853533E-03
   6.4447464E-04
   1.1908313E-03
   1.4768372E-03
   3.3710396E-03
   9.0745080E-04
   2.3611358E-03
   7.2348892E-04
   1.2649380E-03
   9.4423525E-04
   1.6681445E-03
   1.3135374E-03
   1.5311292E-03
   7.4278342E-04
   5.0444360E-04
   1.0326771E-03
   1.6043428E-03
   1.4829342E-03
   5.8346684E-04
   1.3096464E-03
   9.1093784E-04
   8.9526776E-04
   3.2561456E-04
   1.4802635E-03
   0.0000000E+00
   0.0000000E+00
   0.0000000E+00
   0.0000000E+00
   0.0000000E+00
   0.0000000E+00
   0.0000000E+00
   0.0000000E+00
   0.0000000E+00
   0.0000000E+00
   0.0000000E+00
   0.0000000E+00
   0.0000000E+00
   0.0000000E+00
   0.0000000E+00
   0.0000000E+00
   0.0000000E+00
   0.0000000E+00
   0.0000000E+00
   0.0000000E+00
   0.0000000E+00
   0.0000000E+00
   0.0000000E+00
   1.9810032E-03
   8.1434840E-04
   6.4044893E-03
   1.8240412E-03
   3.5716991E-03
   1.1880952E-03
   2.4569498E-03
   1.3071378E-03
   8.2013692E-04
   1.2877642E-03
   2.1002409E-03
   5.4092710E-03
   2.4938446E-03
   3.7506893E-03
   1.2288349E-03
   1.7765095E-03
   5.7579391E-04
   1.0217342E-03
   6.8607758E-04
   1.9276696E-03
   1.6737351E-03
   9.5230882E-04
   1.3776339E-03
   7.8102690E-04
   1.8454896E-03
   2.3671307E-03
   1.4426047E-03
   1.9878454E-03
   7.3179603E-04
   1.0100420E-03
   7.0361246E-04
   1.0767671E-03
   7.0308929E-04
   6.1374466E-04
   4.5354027E-04
   1.4017677E-03
   1.7131401E-03
   1.0335422E-03
   1.7519052E-03
   1.0722545E-03
   8.8201719E-04
   9.0301374E-04
   0.0000000E+00
   0.0000000E+00
   0.0000000E+00
   0.0000000E+00
   0.0000000E+00
   0.0000000E+00
   0.0000000E+00
   0.0000000E+00
   0.0000000E+00
   0.0000000E+00
   0.0000000E+00
   0.0000000E+00
   0.0000000E+00
   0.0000000E+00
   0.0000000E+00
   0.0000000E+00
   0.0000000E+00
   0.0000000E+00
   0.0000000E+00
   0.0000000E+00
   0.0000000E+00
   0.0000000E+00
   4.8674989E-04
   3.6695229E-03
   2.7735336E-03
   4.3411953E-03
   1.0419198E-03
   1.5130144E-03
   1.4223008E-04
   1.5460347E-03
   3.3849396E-03
   3.6591478E-04
   1.2434942E-03
   4.5192312E-03
   1.1570564E-03
   6.9539924E-04
   1.2432121E-03
   2.3672642E-04
   1.1072855E-03
   4.7591567E-04
   1.7273391E-03
   1.7374248E-03
   1.1752673E-03
   9.3379541E-04
   1.0277522E-03
   1.9729538E-03
   7.1900466E-04
   1.4157812E-03
   9.2583604E-04
   1.2950356E-03
   8.2742528E-04
   8.7111123E-04
   5.1513669E-04
   1.5949482E-03
   2.2326513E-04
   2.5811302E-04
   2.2638303E-03
   2.2172304E-03
   1.7918033E-03
   1.4836785E-03
   1.9920839E-03
   9.1547513E-04
   8.7292033E-04
   8.2234701E-04
   1.0854986E-04
   0.0000000E+00
   0.0000000E+00
   0.0000000E+00
   0.0000000E+00
   0.0000000E+00
   0.0000000E+00
   0.0000000E+00
   0.0000000E+00
   0.0000000E+00
   0.0000000E+00
   0.0000000E+00
   0.0000000E+00
   0.0000000E+00
   0.0000000E+00
   0.0000000E+00
   0.0000000E+00
   0.0000000E+00
   0.0000000E+00
   0.0000000E+00
   0.0000000E+00
   0.0000000E+00
   3.9375323E-04
   9.6530989E-03
   3.0475240E-03
   6.0123013E-04
   1.3053581E-03
   9.9068810E-04
   2.8581952E-03
   5.1479447E-03
   4.1404832E-03
   1.6310357E-03
   1.3087448E-03
   5.4138066E-04
   2.2783589E-04
   8.8905304E-04
   9.6645101E-04
   1.8967938E-03
   1.5393437E-03
   9.2195126E-04
   5.8142614E-04
   5.2933051E-04
   2.0804461E-04
   1.9705731E-03
   4.8634139E-04
   1.3211815E-03
   5.1847409E-04
   1.3486134E-03
   2.6568619E-03
   1.6060814E-03
   2.0644302E-03
   4.4526500E-04
   6.1640079E-04
   1.9501668E-03
   8.2785543E-04
   7.1941759E-04
   8.1165938E-04
   1.1251931E-03
   2.1533296E-03
   2.6078706E-03
   2.2262810E-03
   1.8745487E-03
   1.1536949E-03
   4.3175355E-04
   1.5740922E-03
   1.1253714E-03
   0.0000000E+00
   0.0000000E+00
   0.0000000E+00
   0.0000000E+00
   0.0000000E+00
   0.0000000E+00
   0.0000000E+00
   0.0000000E+00
   0.0000000E+00
   0.0000000E+00
   0.0000000E+00
   0.0000000E+00
   0.0000000E+00
   0.0000000E+00
   0.0000000E+00
   0.0000000E+00
   0.0000000E+00
   0.0000000E+00
   0.0000000E+00
   0.0000000E+00
   1.1423770E-03
   5.7622483E-03
   1.5131127E-03
   1.7303848E-03
   4.7225547E-03
   3.5293773E-03
   2.8114980E-03
   1.9474772E-03
   1.7540349E-03
   1.3806912E-03
   1.2125648E-03
   1.5401674E-03
   8.8249956E-04
   4.2358437E-03
   4.7549624E-03
   1.0714878E-03
   9.0699957E-04
   1.6331190E-03
   7.4762094E-04
   1.9968878E-03
   6.0125807E-04
   4.9417542E-04
   1.0326679E-03
   1.3470508E-03
   6.6966936E-04
   2.1256285E-04
   1.2706403E-03
   8.9826115E-04
   1.6728191E-03
   1.3618197E-03
   4.3716969E-04
   1.7839222E-03
   2.1654493E-03
   1.7912938E-03
   6.3986029E-04
   4.0836353E-04
   5.1204505E-04
   1.6064089E-03
   1.4534546E-03
   1.0601474E-03
   1.2610866E-03
   1.3841430E-03
   5.8910204E-04
   5.2473688E-04
   9.1372116E-04
   0.0000000E+00
   0.0000000E+00
   0.0000000E+00
   0.0000000E+00
   0.0000000E+00
   0.0000000E+00
   0.0000000E+00
   0.0000000E+00
   0.0000000E+00
   0.0000000E+00
   0.0000000E+00
   0.0000000E+00
   0.0000000E+00
   0.0000000E+00
   0.0000000E+00
   0.0000000E+00
   0.0000000E+00
   0.0000000E+00
   0.0000000E+00
   6.9074464E-05
   7.7779265E-04
   1.0755595E-03
   7.4255356E-04
   1.6204023E-04
   2.4534571E-03
   7.7269343E-04
   9.4098219E-04
   1.2007069E-03
   8.5442996E-04
   1.5520968E-03
   5.8601488E-04
   7.0040446E-04
   1.3250305E-03
   1.1587674E-03
   1.9581374E-03
   2.2489883E-03
   1.0914790E-03
   5.1736878E-04
   1.2986286E-03
   4.0341582E-04
   1.0419613E-03
   6.1389292E-04
   1.5568847E-03
   3.5581589E-04
   1.4690061E-03
   1.3782468E-03
   2.1256070E-04
   4.3674279E-04
   1.5243182E-03
   5.3869886E-04
   4.1414407E-04
   1.7539699E-03
   1.1795339E-03
   1.2638104E-03
   7.1887253E-04
   1.7876239E-03
   6.6722138E-04
   5.7963585E-04
   9.7007013E-04
   1.0982640E-03
   8.9489878E-04
   3.6413909E-05
   9.7183918E-04
   1.5433291E-03
   8.6854387E-04
   0.0000000E+00
   0.0000000E+00
   0.0000000E+00
   0.0000000E+00
   0.0000000E+00
   0.0000000E+00
   0.0000000E+00
   0.0000000E+00
   0.0000000E+00
   0.0000000E+00
   0.0000000E+00
   0.0000000E+00
   0.0000000E+00
   0.0000000E+00
   0.0000000E+00
   0.0000000E+00
   0.0000000E+00
   0.0000000E+00
   8.8854012E-04
   1.1503154E-03
   1.0402787E-03
   1.6250749E-03
   6.7531553E-05
   7.8210019E-04
   1.2298316E-03
   2.3513367E-04
   7.5980654E-04
   1.7924160E-04
   1.0813426E-03
   6.3202548E-04
   4.0408858E-04
   5.9550814E-04
   5.6032505E-04
   1.1202708E-03
   1.4114539E-03
   1.8186831E-04
   3.8617547E-04
   5.0771807E-04
   1.5265818E-04
   4.6767617E-04
   1.1396310E-04
   6.6889613E-04
   1.6296531E-04
   5.8983004E-04
   3.7103228E-04
   3.2159645E-05
   7.6759301E-05
   3.9855347E-04
   1.4026294E-04
   3.1806576E-05
   3.4386056E-04
   2.0038419E-04
   2.1169793E-04
   1.0514064E-04
   2.4680491E-04
   7.0376431E-05
   5.0395534E-05
   8.1423736E-05
   7.8380872E-05
   5.1567265E-05
   1.0400000E-06
   3.3562414E-05
   3.4875622E-05
   9.6470649E-06
   1.3727696E-12
   0.0000000E+00
   0.0000000E+00
   0.0000000E+00
   0.0000000E+00
   0.0000000E+00
   0.0000000E+00
   0.0000000E+00
   0.0000000E+00
   0.0000000E+00
   0.0000000E+00
   0.0000000E+00
   0.0000000E+00
   0.0000000E+00
   0.0000000E+00
   0.0000000E+00
   0.0000000E+00
   0.0000000E+00
   8.9957102E-06
   7.1028429E-05
   1.2952546E-04
   2.0716949E-04
   1.0241718E-04
   4.3597020E-04
   1.5823773E-04
   5.4871009E-05
   8.9609697E-05
   9.3894188E-05
   1.6000525E-04
   6.6822140E-05
   6.6833389E-05
   7.7773628E-05
   6.4158601E-05
   1.4183951E-04
   1.5291640E-04
   4.9989649E-05
   2.8640681E-05
   5.3533906E-05
   1.6404081E-05
   4.3258911E-05
   1.9680394E-05
   5.0828796E-05
   8.1944318E-06
   3.9921637E-05
   3.0820200E-05
   2.9147920E-06
   5.4734260E-06
   2.1041251E-05
   6.3896696E-06
   3.5487349E-06
   1.4703336E-05
   8.3302684E-06
   8.2187198E-06
   3.9564311E-06
   7.5810995E-06
   2.0518958E-06
   1.5832524E-06
   1.9915508E-06
   1.5900403E-06
   9.0498804E-07
   2.4687656E-08
   3.8041370E-07
   2.9491807E-07
   5.4124307E-08
   2.6221519E-13
   3.2247635E-14
   0.0000000E+00
   0.0000000E+00
   0.0000000E+00
   0.0000000E+00
   0.0000000E+00
   0.0000000E+00
   0.0000000E+00
   0.0000000E+00
   0.0000000E+00
   0.0000000E+00
   0.0000000E+00
   0.0000000E+00
   0.0000000E+00
   0.0000000E+00
   0.0000000E+00
   0.0000000E+00
   9.8033917E-05
   1.2344406E-04
   2.6703774E-04
   2.3609553E-04
   1.1099655E-04
   1.6719627E-04
   2.2084004E-04
   1.3721496E-05
   5.9554110E-05
   4.2934138E-05
   1.0673031E-04
   5.6029490E-05
   3.4550321E-05
   3.0824929E-05
   2.7561191E-05
   8.1785794E-05
   8.8327564E-05
   1.3075209E-05
   1.6543925E-05
   2.0624992E-05
   6.2394156E-06
   1.8827894E-05
   5.2741398E-06
   1.9987567E-05
   3.3135993E-06
   1.4620595E-05
   9.1292268E-06
   5.6938785E-07
   1.1378089E-06
   5.5431378E-06
   1.6458323E-06
   4.6902954E-07
   3.0406552E-06
   1.5469928E-06
   1.4765154E-06
   6.4212679E-07
   1.1564415E-06
   2.5826472E-07
   1.7641035E-07
   2.0819037E-07
   1.4727792E-07
   7.1495755E-08
   1.4131794E-09
   2.1227152E-08
   1.2944502E-08
   1.8221851E-09
   1.8371195E-11
   3.0302848E-12
   2.0892703E-13
   0.0000000E+00
   0.0000000E+00
   0.0000000E+00
   0.0000000E+00
   0.0000000E+00
   0.0000000E+00
   0.0000000E+00
   0.0000000E+00
   0.0000000E+00
   0.0000000E+00
   0.0000000E+00
   0.0000000E+00
   0.0000000E+00
   0.0000000E+00
   0.0000000E+00
   3.7299496E-06
   5.4811873E-05
   6.6985849E-05
   1.0599551E-04
   6.3510895E-05
   1.6472368E-04
   6.7150228E-05
   1.2816698E-05
   2.2435375E-05
   2.5995816E-05
   4.0470535E-05
   1.6906255E-05
   1.4270280E-05
   1.3103826E-05
   1.0138831E-05
   2.3807728E-05
   2.3467048E-05
   6.2783010E-06
   3.6301517E-06
   5.7009556E-06
   1.6454163E-06
   4.1347002E-06
   1.6093617E-06
   3.8996677E-06
   5.1757809E-07
   2.5049158E-06
   1.6906861E-06
   1.2502470E-07
   2.1007631E-07
   7.7783341E-07
   2.0631757E-07
   9.2866735E-08
   3.5265717E-07
   1.7238828E-07
   1.4956416E-07
   6.1502931E-08
   9.7176830E-08
   2.0874840E-08
   1.3835131E-08
   1.3844055E-08
   8.6400265E-09
   3.6961945E-09
   9.5160053E-11
   7.9876344E-10
   4.0103651E-10
   4.3819701E-11
   2.6477671E-14
   1.0257637E-13
   4.0710294E-14
   4.6508262E-15
   0.0000000E+00
   0.0000000E+00
   0.0000000E+00
   0.0000000E+00
   0.0000000E+00
   0.0000000E+00
   0.0000000E+00
   0.0000000E+00
   0.0000000E+00
   0.0000000E+00
   0.0000000E+00
   0.0000000E+00
   0.0000000E+00
   0.0000000E+00
   3.3559296E-05
   6.4506967E-05
   1.3554591E-04
   1.0327781E-04
   7.0793169E-05
   7.5671858E-05
   8.3128274E-05
   4.0396626E-06
   1.5370604E-05
   1.4595028E-05
   2.7033893E-05
   1.3236144E-05
   7.6638926E-06
   5.5530099E-06
   4.5761230E-06
   1.3849023E-05
   1.3360088E-05
   2.0443522E-06
   1.9765305E-06
   2.3122000E-06
   6.5443783E-07
   1.8183875E-06
   5.0771007E-07
   1.5457462E-06
   2.0710227E-07
   9.2244733E-07
   5.3408496E-07
   2.8980526E-08
   5.0078427E-08
   2.1465412E-07
   5.5568993E-08
   1.6331093E-08
   7.9290089E-08
   3.5240706E-08
   2.9659740E-08
   1.1126192E-08
   1.6536605E-08
   3.0903793E-09
   1.8850668E-09
   1.7244135E-09
   9.5881025E-10
   3.8308381E-10
   6.8825228E-12
   6.1097669E-11
   3.1826458E-11
   2.3205401E-11
   2.0223129E-11
   1.0250392E-11
   2.9417137E-12
   4.5564344E-13
   2.9771524E-14
   0.0000000E+00
   0.0000000E+00
   0.0000000E+00
   0.0000000E+00
   0.0000000E+00
   0.0000000E+00
   0.0000000E+00
   0.0000000E+00
   0.0000000E+00
   0.0000000E+00
   0.0000000E+00
   0.0000000E+00
   0.0000000E+00
   2.0324881E-06
   4.6808815E-05
   4.5061268E-05
   6.3587540E-05
   4.0479896E-05
   7.7455799E-05
   3.3269152E-05
   4.5280108E-06
   7.8208459E-06
   9.2185655E-06
   1.3111056E-05
   5.2898909E-06
   3.8982780E-06
   3.0211042E-06
   2.1804794E-06
   5.1305715E-06
   4.6174923E-06
   1.0665575E-06
   5.9488747E-07
   8.1874526E-07
   2.1803795E-07
   5.1857620E-07
   1.7888237E-07
   3.9917094E-07
   4.5999808E-08
   2.1082337E-07
   1.2613692E-07
   7.8455091E-09
   1.1907455E-08
   4.0645375E-08
   9.6094448E-09
   3.8325241E-09
   1.2646132E-08
   5.3722244E-09
   4.1560675E-09
   1.4605992E-09
   1.9656170E-09
   3.5333764E-10
   2.1366144E-10
   1.6524149E-10
   8.4557285E-11
   3.1695958E-11
   5.4027789E-13
   3.7347031E-12
   2.3951299E-12
   1.4467033E-12
   4.8413102E-13
   3.6149005E-14
   6.8986200E-15
   1.6666435E-14
   5.8990233E-15
   6.2801273E-16
   0.0000000E+00
   0.0000000E+00
   0.0000000E+00
   0.0000000E+00
   0.0000000E+00
   0.0000000E+00
   0.0000000E+00
   0.0000000E+00
   0.0000000E+00
   0.0000000E+00
   0.0000000E+00
   0.0000000E+00
   1.5856487E-05
   4.7060996E-05
   8.2574952E-05
   5.8809044E-05
   4.4391145E-05
   4.0159390E-05
   3.8165061E-05
   1.7335234E-06
   5.4956340E-06
   5.6595418E-06
   8.8436673E-06
   4.0372120E-06
   2.1798394E-06
   1.3843988E-06
   1.0456981E-06
   3.0165775E-06
   2.6406626E-06
   3.9793545E-07
   3.2103193E-07
   3.4997754E-07
   9.1700706E-08
   2.3252836E-07
   6.2126460E-08
   1.6226470E-07
   1.8557646E-08
   7.9625273E-08
   4.2407397E-08
   2.0539517E-09
   3.1198797E-09
   1.1937828E-08
   2.7303253E-09
   7.4303730E-10
   3.0737366E-09
   1.2075754E-09
   8.9206281E-10
   2.9730662E-10
   3.7057882E-10
   6.0692576E-11
   2.8371722E-11
   2.3737210E-11
   1.0455026E-11
   3.5746759E-12
   1.1152850E-13
   1.8234763E-12
   1.0377919E-12
   5.9556154E-14
   2.1634237E-12
   4.2818418E-12
   3.5820255E-12
   1.6484835E-12
   4.3939459E-13
   6.4039431E-14
   3.9708828E-15
   0.0000000E+00
   0.0000000E+00
   0.0000000E+00
   0.0000000E+00
   0.0000000E+00
   0.0000000E+00
   0.0000000E+00
   0.0000000E+00
   0.0000000E+00
   0.0000000E+00
   0.0000000E+00
   1.2492562E-06
   4.0325176E-05
   3.2915130E-05
   4.1327301E-05
   2.6598194E-05
   4.0856361E-05
   1.7804372E-05
   1.9165784E-06
   3.1891752E-06
   3.6783351E-06
   4.8205643E-06
   1.8570370E-06
   1.2161057E-06
   8.2673012E-07
   5.5334300E-07
   1.2675035E-06
   1.0475690E-06
   2.1586058E-07
   1.1363964E-07
   1.4011619E-07
   3.4497344E-08
   7.6187632E-08
   2.3676824E-08
   4.8716071E-08
   4.9449245E-09
   2.1331058E-08
   1.1551594E-08
   6.1872862E-10
   8.4233753E-10
   2.6773850E-09
   5.6691862E-10
   1.8982994E-10
   5.9246463E-10
   2.2174788E-10
   1.5195983E-10
   4.8250133E-11
   5.4226432E-11
   8.9946574E-12
   3.6854790E-12
   2.8792921E-12
   1.1898545E-12
   3.5529500E-13
   7.7349958E-14
   2.8564927E-13
   5.9314261E-14
   5.8604956E-14
   2.6117143E-13
   2.2385902E-13
   6.7767887E-14
   3.5686468E-15
   1.4785032E-15
   2.5061119E-15
   7.9784193E-16
   7.9376364E-17
   0.0000000E+00
   0.0000000E+00
   0.0000000E+00
   0.0000000E+00
   0.0000000E+00
   0.0000000E+00
   0.0000000E+00
   0.0000000E+00
   0.0000000E+00
   0.0000000E+00
   8.7548051E-06
   3.8052091E-05
   5.5171728E-05
   3.7473495E-05
   2.8584218E-05
   2.3049122E-05
   1.9404495E-05
   8.5085594E-07
   2.2887257E-06
   2.3859843E-06
   3.2896662E-06
   1.3992452E-06
   7.0370021E-07
   4.0249597E-07
   2.7970222E-07
   7.5585677E-07
   6.0545716E-07
   8.7688363E-08
   6.1632768E-08
   6.2374369E-08
   1.5124005E-08
   3.5159331E-08
   8.8488434E-09
   2.0387413E-08
   2.0503745E-09
   8.3113578E-09
   4.0499888E-09
   1.7840179E-10
   2.4241653E-10
   8.3047441E-10
   1.6900750E-10
   4.2856361E-11
   1.5058674E-10
   5.3195129E-11
   3.4499192E-11
   1.0059645E-11
   1.1209523E-11
   1.5150173E-12
   6.9740497E-13
   5.6758699E-13
   2.7113451E-13
   6.5474176E-14
   1.6643325E-13
   3.5505388E-14
   7.7914956E-14
   2.6440712E-13
   8.3106265E-14
   5.9296250E-14
   5.1873756E-13
   7.9952960E-13
   5.8666803E-13
   2.4656395E-13
   6.1223962E-14
   8.4117199E-15
   4.9560311E-16
   0.0000000E+00
   0.0000000E+00
   0.0000000E+00
   0.0000000E+00
   0.0000000E+00
   0.0000000E+00
   0.0000000E+00
   0.0000000E+00
   0.0000000E+00
   8.1576604E-07
   3.4993962E-05
   2.5058484E-05
   2.8258592E-05
   1.7939359E-05
   2.3152223E-05
   1.0023527E-05
   9.0558763E-07
   1.4303608E-06
   1.5893511E-06
   1.9220809E-06
   7.0278793E-07
   4.1392599E-07
   2.5156598E-07
   1.5724683E-07
   3.4511399E-07
   2.6288831E-07
   4.8675201E-08
   2.4232651E-08
   2.6914451E-08
   6.1742944E-09
   1.2693838E-08
   3.5678969E-09
   6.7699011E-09
   6.1655886E-10
   2.4831275E-09
   1.2149320E-09
   5.8244284E-11
   7.1847833E-11
   2.1106671E-10
   3.9728693E-11
   1.1438898E-11
   3.2482152E-11
   1.1112299E-11
   6.5990958E-12
   1.8420482E-12
   1.9352519E-12
   2.5348303E-13
   9.8746904E-14
   1.0828617E-13
   3.6780661E-14
   2.1271681E-14
   3.7886012E-14
   1.0985752E-15
   2.6977969E-14
   3.6076776E-14
   1.7598729E-15
   1.9350366E-14
   4.9149463E-14
   3.4183824E-14
   8.7215484E-15
   2.9728281E-16
   2.7315148E-16
   3.4923955E-16
   1.0072407E-16
   9.3882989E-18
   0.0000000E+00
   0.0000000E+00
   0.0000000E+00
   0.0000000E+00
   0.0000000E+00
   0.0000000E+00
   0.0000000E+00
   0.0000000E+00
   5.3022977E-06
   3.2185289E-05
   3.9050643E-05
   2.5432009E-05
   1.8938943E-05
   1.3916669E-05
   1.0536866E-05
   4.4719729E-07
   1.0442770E-06
   1.0689000E-06
   1.3295208E-06
   5.2712096E-07
   2.4724437E-07
   1.2907240E-07
   8.2691194E-08
   2.0861501E-07
   1.5378484E-07
   2.1223839E-08
   1.3257583E-08
   1.2485360E-08
   2.7931206E-09
   5.9818901E-09
   1.4141249E-09
   2.9188916E-09
   2.6264727E-10
   9.9712327E-10
   4.4602644E-10
   1.7809729E-11
   2.1956627E-11
   6.7310699E-11
   1.2481157E-11
   3.1708195E-12
   9.1758172E-12
   2.8500284E-12
   1.7321695E-12
   4.3255655E-13
   4.2953998E-13
   5.3735553E-14
   3.9987070E-14
   1.9486108E-14
   7.3683447E-15
   1.9355406E-14
   2.4081583E-15
   1.1387342E-14
   2.3015938E-14
   5.2928744E-16
   2.3451130E-14
   4.0338070E-14
   4.1830701E-15
   2.5572087E-14
   1.0898468E-13
   1.3660648E-13
   8.8951470E-14
   3.4311031E-14
   7.9581913E-15
   1.0324648E-15
   5.7867319E-17
   0.0000000E+00
   0.0000000E+00
   0.0000000E+00
   0.0000000E+00
   0.0000000E+00
   0.0000000E+00
   0.0000000E+00
   5.5781760E-07
   3.0662020E-05
   1.9570525E-05
   2.0030906E-05
   1.2378244E-05
   1.3806658E-05
   5.8624546E-06
   4.5966027E-07
   6.8484570E-07
   7.2728557E-07
   8.1540759E-07
   2.8187000E-07
   1.5108259E-07
   8.2987320E-08
   4.8272714E-08
   1.0122828E-07
   7.1262718E-08
   1.2019978E-08
   5.6076357E-09
   5.6955574E-09
   1.2025791E-09
   2.3171789E-09
   5.9801614E-10
   1.0455586E-09
   8.6684875E-11
   3.2330782E-10
   1.4384069E-10
   6.1300288E-12
   6.9992610E-12
   1.8463415E-11
   3.2309951E-12
   9.8409941E-13
   2.2076150E-12
   6.5437038E-13
   3.8078893E-13
   8.7497270E-14
   8.5480546E-14
   9.4711269E-15
   1.2766784E-14
   3.7754588E-15
   3.2864023E-15
   5.9029574E-15
   4.9033143E-17
   4.6404950E-15
   3.9878934E-15
   1.5744617E-16
   5.6748306E-15
   4.1938181E-15
   1.2711891E-17
   4.8680877E-15
   8.3107078E-15
   4.7936038E-15
   1.0310756E-15
   1.9534347E-17
   4.4602958E-17
   4.5152679E-17
   1.1869575E-17
   1.0388327E-18
   0.0000000E+00
   0.0000000E+00
   0.0000000E+00
   0.0000000E+00
   0.0000000E+00
   0.0000000E+00
   3.4138436E-06
   2.7928170E-05
   2.8769726E-05
   1.7988741E-05
   1.2871439E-05
   8.7210838E-06
   6.0009702E-06
   2.4579967E-07
   5.0752550E-07
   5.0233308E-07
   5.7086504E-07
   2.1127498E-07
   9.2532510E-08
   4.4475396E-08
   2.6378000E-08
   6.2043604E-08
   4.2295902E-08
   5.5342859E-09
   3.1186274E-09
   2.7334419E-09
   5.6808652E-10
   1.1203491E-09
   2.4769156E-10
   4.6387763E-10
   3.7616181E-11
   1.3400074E-10
   5.5409725E-11
   2.0275678E-12
   2.2506105E-12
   6.3776857E-12
   1.0632975E-12
   2.1915878E-13
   6.4229085E-13
   1.8518237E-13
   9.5979309E-14
   2.5160257E-14
   1.9840046E-14
   3.1525067E-15
   1.3687560E-15
   4.2235689E-16
   1.8043369E-15
   4.3278794E-16
   1.0867394E-15
   2.2867302E-15
   1.1399458E-18
   2.8248600E-15
   2.4857251E-15
   1.5173595E-16
   5.2031320E-15
   4.8892838E-15
   2.1215696E-18
   7.5300729E-15
   2.0391458E-14
   2.1424352E-14
   1.2497764E-14
   4.4435391E-15
   9.6502517E-16
   1.1840041E-16
   6.3193476E-18
   0.0000000E+00
   0.0000000E+00
   0.0000000E+00
   0.0000000E+00
   0.0000000E+00
   3.9281105E-07
   2.7138578E-05
   1.5576097E-05
   1.4593130E-05
   8.7086455E-06
   8.5615866E-06
   3.5351359E-06
   2.4543462E-07
   3.4462644E-07
   3.4802102E-07
   3.6295160E-07
   1.1857655E-07
   5.8171857E-08
   2.9209671E-08
   1.5866393E-08
   3.1572259E-08
   2.0634607E-08
   3.1952447E-09
   1.3991404E-09
   1.3036994E-09
   2.5726263E-10
   4.5906212E-10
   1.0874315E-10
   1.7656865E-10
   1.3256033E-11
   4.6435921E-11
   1.9133575E-11
   7.3470592E-13
   7.5385347E-13
   1.9020696E-12
   2.9916597E-13
   6.5098778E-14
   1.7019268E-13
   4.7569780E-14
   2.2960329E-14
   6.6824962E-15
   4.2064478E-15
   1.2168789E-15
   4.6227225E-16
   2.0190273E-16
   8.0555380E-16
   4.0746216E-17
   5.9576655E-16
   5.4233942E-16
   5.0888876E-17
   8.3489285E-16
   2.9839459E-16
   1.8170843E-16
   9.4924632E-16
   3.6439836E-16
   8.8799123E-17
   1.0109603E-15
   1.2721755E-15
   6.1811467E-16
   1.1177897E-16
   8.5116559E-19
   6.5299594E-18
   5.4166773E-18
   1.3044983E-18
   1.0740710E-19
   0.0000000E+00
   0.0000000E+00
   0.0000000E+00
   0.0000000E+00
   2.2944807E-06
   2.4655295E-05
   2.1833755E-05
   1.3110828E-05
   8.9427776E-06
   5.6275512E-06
   3.5467808E-06
   1.3979253E-07
   2.5871915E-07
   2.4564662E-07
   2.5716980E-07
   8.8983903E-08
   3.6461167E-08
   1.6220303E-08
   8.9352588E-09
   1.9623604E-08
   1.2415271E-08
   1.5352929E-09
   7.8840040E-10
   6.4425087E-10
   1.2435741E-10
   2.2755103E-10
   4.7091886E-11
   8.0505463E-11
   5.9614466E-12
   1.9818910E-11
   7.5388489E-12
   2.5511611E-13
   2.6132715E-13
   6.6836987E-13
   1.0184055E-13
   2.1257757E-14
   4.9882329E-14
   1.3099741E-14
   6.1673794E-15
   1.3401823E-15
   1.0626493E-15
   2.3787179E-16
   4.4767385E-17
   1.9073837E-16
   1.0586029E-16
   6.9744759E-17
   2.5301065E-16
   2.3364109E-18
   2.6938401E-16
   2.0377396E-16
   4.5975698E-17
   4.9432583E-16
   1.7398164E-16
   1.6020642E-16
   8.9468437E-16
   4.3728915E-16
   9.3026015E-17
   1.7588924E-15
   3.4346650E-15
   3.0918606E-15
   1.6281302E-15
   5.3545696E-16
   1.0908860E-16
   1.2671387E-17
   6.4446003E-19
   0.0000000E+00
   0.0000000E+00
   0.0000000E+00
   2.8281221E-07
   2.4243229E-05
   1.2580309E-05
   1.0867156E-05
   6.2320760E-06
   5.4760812E-06
   2.1870899E-06
   1.3655557E-07
   1.8045485E-07
   1.7300339E-07
   1.6824380E-07
   5.1911787E-08
   2.3459943E-08
   1.0824912E-08
   5.5039315E-09
   1.0386937E-08
   6.3163541E-09
   9.0025337E-10
   3.7072823E-10
   3.1829811E-10
   5.8493099E-11
   9.7934424E-11
   2.1411839E-11
   3.2237657E-11
   2.2334179E-12
   7.2654239E-12
   2.7301601E-12
   9.7028830E-14
   9.2992847E-14
   2.1287426E-13
   3.0541348E-14
   6.7187856E-15
   1.3630544E-14
   3.5165089E-15
   1.5511095E-15
   3.4231418E-16
   2.8092832E-16
   1.1312249E-16
   5.9574201E-18
   1.1489842E-16
   2.4307907E-17
   5.8124440E-17
   8.4272367E-17
   3.0151478E-18
   1.0498575E-16
   3.1477349E-17
   3.5760566E-17
   1.1107765E-16
   9.9528084E-18
   6.1031146E-17
   1.2601718E-16
   1.8737045E-17
   4.2654104E-17
   1.7948369E-16
   1.7611808E-16
   7.3234197E-17
   1.1265589E-17
   2.1216772E-20
   8.0502897E-19
   5.7398425E-19
   1.2802807E-19
   9.9615180E-21
   0.0000000E+00
   0.0000000E+00
   1.5910302E-06
   2.2050070E-05
   1.6954487E-05
   9.7795291E-06
   6.3333187E-06
   3.7201014E-06
   2.1605938E-06
   8.1734832E-08
   1.3703320E-07
   1.2425939E-07
   1.2056394E-07
   3.9072983E-08
   1.5006187E-08
   6.2068963E-09
   3.1844054E-09
   6.5405792E-09
   3.8531915E-09
   4.5037632E-10
   2.1210853E-10
   1.6204113E-10
   2.9122652E-11
   4.9487917E-11
   9.6003552E-12
   1.5085341E-11
   1.0236567E-12
   3.1854645E-12
   1.1257428E-12
   3.4911950E-14
   3.2823594E-14
   7.6963826E-14
   1.0898939E-14
   2.2322596E-15
   4.7084512E-15
   1.0758087E-15
   5.3195771E-16
   9.2324639E-17
   8.1786358E-17
   1.2580556E-17
   1.7685037E-17
   1.8104699E-17
   2.9115935E-18
   2.8590009E-17
   2.0343417E-18
   2.3423229E-17
   2.2317252E-17
   4.0189443E-18
   4.4885139E-17
   9.2941724E-18
   2.5028467E-17
   6.4501751E-17
   4.0253194E-18
   5.5256135E-17
   1.2128346E-16
   2.1471458E-17
   6.0592780E-17
   3.4763482E-16
   5.1926513E-16
   4.0366906E-16
   1.9180062E-16
   5.8195882E-17
   1.1086296E-17
   1.2150671E-18
   5.8693557E-20
   0.0000000E+00
   2.0700899E-07
   2.1846261E-05
   2.1846261E-05
   8.2404867E-06
   8.2404867E-06
   3.5939700E-06
   3.5939700E-06
   7.8478116E-08
   7.8478116E-08
   8.8795822E-08
   8.8795822E-08
   2.3544050E-08
   2.3544050E-08
   4.2012176E-09
   4.2012176E-09
   3.5786034E-09
   3.5786034E-09
   2.6842015E-10
   2.6842015E-10
   8.2648978E-11
   8.2648978E-11
   2.2161857E-11
   2.2161857E-11
   6.3109088E-12
   6.3109088E-12
   1.2248074E-12
   1.2248074E-12
   1.3717488E-14
   1.3717488E-14
   2.5614232E-14
   2.5614232E-14
   7.7394189E-16
   7.7394189E-16
   3.0713881E-16
   3.0713881E-16
   2.4155110E-17
   2.4155110E-17
   3.9352013E-18
   3.9352013E-18
   5.8251366E-18
   5.8251366E-18
   7.8996212E-18
   7.8996212E-18
   5.4973551E-18
   5.4973551E-18
   7.7470484E-19
   7.7470484E-19
   1.6484908E-18
   1.6484908E-18
   9.3009619E-18
   9.3009619E-18
   6.4608824E-18
   6.4608824E-18
   2.0638189E-18
   2.0638189E-18
   2.5184152E-17
   2.5184152E-17
   2.1219256E-17
   2.1219256E-17
   1.9714967E-18
   1.9714967E-18
   1.9912449E-20
   1.9912449E-20
   1.5485608E-33
