   8.8047204E-07
    16.47238    
    37.27578    
    37.41264    
    16.02801    
    16.35728    
    9.190293    
    10.70515    
    5.591600    
    7.040471    
    3.272931    
    3.512984    
    1.952716    
    2.296888    
    1.086012    
    1.178880    
   0.5902272    
   0.6360489    
   0.3066461    
   0.3522094    
   0.1498990    
   0.1377234    
   7.3057130E-02
   7.5029604E-02
   3.4774672E-02
   3.4198590E-02
   1.9882396E-02
   1.2390324E-02
   1.7506115E-02
   1.4790554E-02
   2.9616591E-02
   2.2540079E-02
   8.9717552E-02
   8.1345633E-02
   0.9810044    
    1.688299    
    2.442955    
    2.694410    
    1.982027    
    1.774135    
    1.970149    
    2.047337    
    1.766687    
    2.103354    
    2.114394    
    1.355895    
   0.5796281    
   7.4492730E-02
   5.6629363E-02
   2.2641938E-02
   2.0704040E-02
   1.1014909E-02
   1.0808981E-02
   6.5814410E-03
   6.6292509E-03
   4.3953238E-03
   4.4636559E-03
   3.1499632E-03
   3.2000896E-03
   2.3727478E-03
   2.4026972E-03
   1.8557372E-03
   1.8702631E-03
   1.4953372E-03
