   0.1266628    
    14.14691    
    1.150221    
    5.335698    
    1.300603    
    1.518661    
   0.6481483    
   0.1362787    
   8.9253709E-03
   7.2084074E-03
   4.9233176E-03
   3.6083132E-02
   8.5677877E-03
   1.1959400E-03
   6.0152006E-03
   2.8293708E-03
   6.0717678E-03
   1.4300601E-03
   6.4759692E-03
   4.2474368E-03
   6.5335706E-03
   4.9728183E-03
   7.6173390E-03
   3.1997687E-03
   5.6922589E-03
   3.6458131E-03
   6.1751967E-03
   1.6638536E-03
   2.8165032E-03
   2.6556845E-03
   2.2461733E-03
   1.1313170E-03
   1.6259609E-03
   1.0909784E-03
   1.0608567E-03
   6.7530188E-04
   9.3135494E-04
   5.5047392E-04
   6.7340484E-04
   4.0973618E-04
   5.2241376E-04
   3.2992498E-04
   4.0395354E-04
   2.6742389E-04
   3.2401120E-04
   2.2313613E-04
   2.6544597E-04
   1.8873745E-04
   2.1971029E-04
   1.6288453E-04
   1.8579139E-04
   1.4139892E-04
   1.5921393E-04
   1.2470000E-04
   1.3795032E-04
   1.1075682E-04
   1.2078848E-04
   9.9142810E-05
   1.0676406E-04
   8.9336732E-05
   9.5120296E-05
   8.1135557E-05
   8.5373496E-05
   7.3961630E-05
